Date,EM LATAM ex BR EQUAL WEIGHTED
1999-01-01,1000.0
1999-01-04,994.8120826703662
1999-01-05,990.0257348402615
1999-01-06,990.7369405568352
1999-01-07,980.7240269799626
1999-01-08,978.0808277579038
1999-01-11,958.1800660195996
1999-01-12,923.7805611753848
1999-01-13,869.1221504456284
1999-01-14,852.5273753418055
1999-01-15,903.8692317613204
1999-01-18,910.1018005107767
1999-01-19,899.5687972937393
1999-01-20,911.5690954761913
1999-01-21,894.5953170631597
1999-01-22,887.6381300836266
1999-01-25,896.0373181243267
1999-01-26,899.9602347983374
1999-01-27,906.8912144844054
1999-01-28,912.8542391290532
1999-01-29,916.370707305454
1999-02-01,929.0276499329618
1999-02-02,929.7956609515564
1999-02-03,933.1332038463854
1999-02-04,932.8655441396571
1999-02-05,932.583632488343
1999-02-08,930.069955401506
1999-02-09,927.779913001183
1999-02-10,933.5130177498112
1999-02-11,951.9642510837467
1999-02-12,951.8077234620798
1999-02-15,954.4966327383738
1999-02-16,958.8527458857693
1999-02-17,952.4307450697629
1999-02-18,958.6650271691279
1999-02-19,966.4113122237927
1999-02-22,965.8192760575822
1999-02-23,959.8198450225271
1999-02-24,960.682949795886
1999-02-25,954.2451733140522
1999-02-26,954.9108002354432
1999-03-01,951.7312981371526
1999-03-02,941.3486831981365
1999-03-03,941.6252990100063
1999-03-04,953.4349541036531
1999-03-05,960.5314308710584
1999-03-08,972.2917282237141
1999-03-09,978.2179646738786
1999-03-10,992.9047574070795
1999-03-11,1001.3367276557073
1999-03-12,1006.8442061933341
1999-03-15,1020.4828078109308
1999-03-16,1028.1529175464434
1999-03-17,1027.2767226136625
1999-03-18,1030.2075389472961
1999-03-19,1026.2571483068725
1999-03-22,1020.3575673959241
1999-03-23,1014.5709153669649
1999-03-24,1019.2523383123955
1999-03-25,1033.6342446857625
1999-03-26,1032.154215626542
1999-03-29,1041.9268232609365
1999-03-30,1048.7265716088705
1999-03-31,1056.7982942524854
1999-04-01,1060.216741402989
1999-04-02,1060.9629568297914
1999-04-05,1086.7392205423002
1999-04-06,1092.558934353194
1999-04-07,1097.659674390187
1999-04-08,1105.046839006376
1999-04-09,1109.1938841993974
1999-04-12,1121.5705534967988
1999-04-13,1126.1273509561759
1999-04-14,1130.2844048288507
1999-04-15,1156.55586011036
1999-04-16,1196.90148112764
1999-04-19,1220.80220739214
1999-04-20,1219.2960755951667
1999-04-21,1219.7313757611512
1999-04-22,1229.2715309737741
1999-04-23,1225.6834121538118
1999-04-26,1223.0577282590266
1999-04-27,1216.3535273123985
1999-04-28,1228.66426193556
1999-04-29,1230.975065423878
1999-04-30,1244.9151717544544
1999-05-03,1266.0731998346027
1999-05-04,1275.866387910592
1999-05-05,1277.2768787140974
1999-05-06,1298.573569962178
1999-05-07,1320.4663485001481
1999-05-10,1354.288491646876
1999-05-11,1356.107808860331
1999-05-12,1339.0001001790956
1999-05-13,1375.3748136752363
1999-05-14,1353.9202105920572
1999-05-17,1342.7751871317662
1999-05-18,1348.6336565240933
1999-05-19,1314.242103441454
1999-05-20,1303.6710268838758
1999-05-21,1274.2181348424187
1999-05-24,1245.6947811070822
1999-05-25,1214.3668472578188
1999-05-26,1229.2121681370395
1999-05-27,1208.6152285655767
1999-05-28,1213.5108477216695
1999-05-31,1216.1963385772467
1999-06-01,1206.8284813208584
1999-06-02,1200.384619524186
1999-06-03,1204.7345601454263
1999-06-04,1212.9134951908354
1999-06-07,1227.386476219415
1999-06-08,1229.9184362296555
1999-06-09,1220.2581950683368
1999-06-10,1214.1006762498923
1999-06-11,1200.2610759713248
1999-06-14,1192.5975046394753
1999-06-15,1194.4680440248758
1999-06-16,1215.6407934190547
1999-06-17,1228.903348457647
1999-06-18,1229.9877198999386
1999-06-21,1234.7323706980749
1999-06-22,1238.9338291566728
1999-06-23,1224.2035848191028
1999-06-24,1213.310260968197
1999-06-25,1198.3310821754396
1999-06-28,1205.7084031988904
1999-06-29,1207.8107246144436
1999-06-30,1221.7461911005114
1999-07-01,1230.1836165189297
1999-07-02,1244.5311943162524
1999-07-05,1250.5546638601713
1999-07-06,1251.9691337085662
1999-07-07,1251.6685396832618
1999-07-08,1236.4558479017585
1999-07-09,1235.2763561619888
1999-07-12,1198.0625094363425
1999-07-13,1207.6521243382097
1999-07-14,1210.0465486478638
1999-07-15,1221.9309039879104
1999-07-16,1223.1703931485172
1999-07-19,1223.236699521977
1999-07-20,1210.5718747624376
1999-07-21,1213.348775752635
1999-07-22,1202.941694159409
1999-07-23,1184.904824174261
1999-07-26,1162.6258044473357
1999-07-27,1160.7083913564377
1999-07-28,1167.5838033620257
1999-07-29,1156.8428426696582
1999-07-30,1159.7519036376318
1999-08-02,1147.480266396239
1999-08-03,1141.155125477255
1999-08-04,1135.2965635646262
1999-08-05,1132.806277346811
1999-08-06,1122.7299775763624
1999-08-09,1125.0072938772723
1999-08-10,1121.8050823091037
1999-08-11,1136.6875502267824
1999-08-12,1138.700816635197
1999-08-13,1149.2821138778183
1999-08-16,1142.8385353856122
1999-08-17,1146.0014732461755
1999-08-18,1133.0267108520823
1999-08-19,1127.821373474759
1999-08-20,1124.8752307022066
1999-08-23,1135.712903445837
1999-08-24,1137.0593886913134
1999-08-25,1151.2907231952356
1999-08-26,1147.3020262371324
1999-08-27,1139.4861931954713
1999-08-30,1134.4471738847285
1999-08-31,1131.5339632255827
1999-09-01,1133.5033490637804
1999-09-02,1132.2333834993046
1999-09-03,1138.2015379262007
1999-09-06,1142.5257253069926
1999-09-07,1133.7475411825803
1999-09-08,1127.865472690883
1999-09-09,1134.9175674204664
1999-09-10,1147.3579055958867
1999-09-13,1157.835915790855
1999-09-14,1153.2166781582564
1999-09-15,1149.6648424351395
1999-09-16,1146.222389651183
1999-09-17,1151.991083477329
1999-09-20,1161.4971061788306
1999-09-21,1149.9531947418932
1999-09-22,1147.700543569749
1999-09-23,1148.4887274799457
1999-09-24,1150.8742688113439
1999-09-27,1168.7519590122633
1999-09-28,1169.135203587617
1999-09-29,1171.2579952408482
1999-09-30,1173.7096701028995
1999-10-01,1162.4782397196145
1999-10-04,1162.6025210888909
1999-10-05,1158.996673541313
1999-10-06,1168.0933640347082
1999-10-07,1169.025211167945
1999-10-08,1169.8417514183707
1999-10-11,1172.7882230102064
1999-10-12,1162.7894285662408
1999-10-13,1146.6112742988494
1999-10-14,1138.5892490667682
1999-10-15,1114.102789965042
1999-10-18,1105.8389977508455
1999-10-19,1120.2256514573648
1999-10-20,1123.180072018668
1999-10-21,1127.2377292261037
1999-10-22,1137.4718126257922
1999-10-25,1136.063900433356
1999-10-26,1132.3612535619861
1999-10-27,1131.6184608194858
1999-10-28,1143.2824761886752
1999-10-29,1163.5746782200717
1999-11-01,1165.7769030140892
1999-11-02,1174.6594252755713
1999-11-03,1196.9981068790498
1999-11-04,1199.7365722834083
1999-11-05,1210.8921660115907
1999-11-08,1212.9820365282583
1999-11-09,1216.1527152693916
1999-11-10,1220.3871701528367
1999-11-11,1220.4480463399427
1999-11-12,1222.498995039724
1999-11-15,1229.1030205137224
1999-11-16,1232.4088735660087
1999-11-17,1226.8369924058989
1999-11-18,1238.5788118385972
1999-11-19,1238.097347976094
1999-11-22,1229.909456811513
1999-11-23,1230.940912606035
1999-11-24,1234.2621474270968
1999-11-25,1243.9522427558386
1999-11-26,1243.1460869367033
1999-11-29,1242.7323835288144
1999-11-30,1233.9768820522145
1999-12-01,1238.8716704923372
1999-12-02,1244.4794427372449
1999-12-03,1259.092967093594
1999-12-06,1256.7703692562607
1999-12-07,1255.1244886993966
1999-12-08,1265.3056658796263
1999-12-09,1263.2411437542116
1999-12-10,1261.0940385540953
1999-12-13,1261.9831535781175
1999-12-14,1260.3121558158587
1999-12-15,1272.417473722564
1999-12-16,1280.5590588824923
1999-12-17,1288.0446406112444
1999-12-20,1279.8866651236629
1999-12-21,1274.0680293239325
1999-12-22,1269.9492852280662
1999-12-23,1277.6084329650778
1999-12-24,1279.8999386350456
1999-12-27,1279.0318882999873
1999-12-28,1282.4870367645483
1999-12-29,1292.1330284615601
1999-12-30,1299.5376387405038
1999-12-31,1299.6822586266878
2000-01-03,1300.9824764102732
2000-01-04,1261.579874752207
2000-01-05,1271.339875811764
2000-01-06,1267.909439916982
2000-01-07,1296.6375026739356
2000-01-10,1311.1007883766936
2000-01-11,1299.19493862653
2000-01-12,1304.6905169037261
2000-01-13,1338.9955315778982
2000-01-14,1353.7655467784573
2000-01-17,1368.5610595059368
2000-01-18,1362.28652098071
2000-01-19,1350.6574346423758
2000-01-20,1340.6780496493623
2000-01-21,1334.4552064342638
2000-01-24,1323.4487519432573
2000-01-25,1314.0940281750698
2000-01-26,1316.6739053839876
2000-01-27,1311.049610515188
2000-01-28,1299.8278363517727
2000-01-31,1293.3600779930903
2000-02-01,1299.2599527440088
2000-02-02,1306.996568999181
2000-02-03,1333.0487698325396
2000-02-04,1349.0599942686713
2000-02-07,1360.6728293810825
2000-02-08,1370.7187313430102
2000-02-09,1365.089372597462
2000-02-10,1373.571485915062
2000-02-11,1377.5311369224135
2000-02-14,1371.7614432395383
2000-02-15,1361.5251543721943
2000-02-16,1361.020766678752
2000-02-17,1354.6445906503243
2000-02-18,1332.234348395556
2000-02-21,1328.411035871339
2000-02-22,1316.799761360748
2000-02-23,1327.011886405911
2000-02-24,1320.5055929105686
2000-02-25,1302.2825887000438
2000-02-28,1299.8079549290435
2000-02-29,1302.8452726035023
2000-03-01,1313.1237092863419
2000-03-02,1333.6666486696674
2000-03-03,1344.8542595398799
2000-03-06,1332.368035728922
2000-03-07,1328.350890098679
2000-03-08,1340.44435324583
2000-03-09,1347.5436294875558
2000-03-10,1339.010658058908
2000-03-13,1317.671953087911
2000-03-14,1308.4155470843712
2000-03-15,1313.8540536162363
2000-03-16,1319.8781535030132
2000-03-17,1322.1368165692184
2000-03-20,1315.8952245030196
2000-03-21,1310.6855782490256
2000-03-22,1302.5107888187415
2000-03-23,1306.3441719827113
2000-03-24,1308.4813229909494
2000-03-27,1314.1658946839839
2000-03-28,1296.3290137453394
2000-03-29,1288.9422678682852
2000-03-30,1280.1469737486661
2000-03-31,1277.6660901894588
2000-04-03,1272.2450263928556
2000-04-04,1252.5080431430367
2000-04-05,1253.1067131252455
2000-04-06,1267.4993541129566
2000-04-07,1283.5857422186575
2000-04-10,1270.1978655564237
2000-04-11,1261.5684483502544
2000-04-12,1246.366207211289
2000-04-13,1242.0048600360576
2000-04-14,1203.3920637216938
2000-04-17,1189.0946128671246
2000-04-18,1211.3632812010496
2000-04-19,1199.9859285001596
2000-04-20,1203.027723747567
2000-04-21,1203.027723747567
2000-04-24,1198.737495830662
2000-04-25,1218.197229052687
2000-04-26,1210.1205825968811
2000-04-27,1207.8873689845354
2000-04-28,1206.3816847673552
2000-05-01,1209.097353692994
2000-05-02,1216.2166375073527
2000-05-03,1193.3311681800333
2000-05-04,1194.6997276760528
2000-05-05,1189.2260834138435
2000-05-08,1174.3208432686831
2000-05-09,1167.0851686409471
2000-05-10,1146.2726004469437
2000-05-11,1145.0269544730704
2000-05-12,1160.4613561788974
2000-05-15,1176.5723515231057
2000-05-16,1178.3026492170297
2000-05-17,1163.9458073872268
2000-05-18,1153.8078364141152
2000-05-19,1122.9929817352277
2000-05-22,1114.7730067158568
2000-05-23,1109.2924847930237
2000-05-24,1121.1394348333392
2000-05-25,1114.156109349088
2000-05-26,1114.7791615988428
2000-05-29,1120.6082775630962
2000-05-30,1139.0179454539484
2000-05-31,1136.4654199708473
2000-06-01,1145.8527046619702
2000-06-02,1166.5722145976615
2000-06-05,1157.4383062655083
2000-06-06,1135.4030536182213
2000-06-07,1131.9763266877994
2000-06-08,1125.8716808523623
2000-06-09,1131.9965473466798
2000-06-12,1136.9920087487126
2000-06-13,1151.4006458104745
2000-06-14,1161.10667458806
2000-06-15,1144.8144800803086
2000-06-16,1134.4392529203767
2000-06-19,1133.3824903308523
2000-06-20,1126.622336503558
2000-06-21,1127.7296037751328
2000-06-22,1120.3445780032018
2000-06-23,1115.8610960891701
2000-06-26,1114.9542114854944
2000-06-27,1120.7960015308686
2000-06-28,1121.0919330316274
2000-06-29,1125.9204642192224
2000-06-30,1144.1072174527305
2000-07-03,1168.853656564286
2000-07-04,1179.9631499833108
2000-07-05,1175.2539993988414
2000-07-06,1173.6583541799876
2000-07-07,1182.7760881167355
2000-07-10,1188.1559671056195
2000-07-11,1184.825518985887
2000-07-12,1195.36304121699
2000-07-13,1192.3820437627098
2000-07-14,1203.6447308359686
2000-07-17,1201.1001910959128
2000-07-18,1192.721251048434
2000-07-19,1171.5099006003152
2000-07-20,1181.378606325191
2000-07-21,1179.9632031446213
2000-07-24,1174.7106791280949
2000-07-25,1176.4468394840167
2000-07-26,1166.3832384052632
2000-07-27,1157.5194673807794
2000-07-28,1145.2691944943947
2000-07-31,1149.1508860304916
2000-08-01,1154.0462002146446
2000-08-02,1164.8391983190768
2000-08-03,1161.1447798986376
2000-08-04,1159.808144119006
2000-08-07,1161.4067416504995
2000-08-08,1159.4993877310696
2000-08-09,1157.2864708953182
2000-08-10,1151.925913682276
2000-08-11,1159.9591440507093
2000-08-14,1163.8522567045975
2000-08-15,1157.567764517971
2000-08-16,1152.2209603477306
2000-08-17,1156.3820825885593
2000-08-18,1149.7533858007557
2000-08-21,1139.985017370588
2000-08-22,1139.9394078431778
2000-08-23,1139.0040680474276
2000-08-24,1140.848530451195
2000-08-25,1132.699214691095
2000-08-28,1138.2340807924002
2000-08-29,1136.10196095328
2000-08-30,1143.6614220852282
2000-08-31,1145.4091799507444
2000-09-01,1149.9388636006054
2000-09-04,1149.856068821743
2000-09-05,1144.8940353592304
2000-09-06,1141.7136613341181
2000-09-07,1140.2993163751926
2000-09-08,1139.2078657710397
2000-09-11,1136.1964087054187
2000-09-12,1135.3349919345005
2000-09-13,1139.1648603845176
2000-09-14,1146.3437454172529
2000-09-15,1150.7801100668662
2000-09-18,1132.4145835591241
2000-09-19,1130.5888198164412
2000-09-20,1126.3209369871545
2000-09-21,1117.9593747863319
2000-09-22,1114.9468792065131
2000-09-25,1118.1918089682222
2000-09-26,1100.9055632935379
2000-09-27,1095.663458552959
2000-09-28,1098.5535377523452
2000-09-29,1097.996290002344
2000-10-02,1096.285890748193
2000-10-03,1090.5277541024877
2000-10-04,1089.6106612403817
2000-10-05,1089.0847993975228
2000-10-06,1079.3425271470549
2000-10-09,1071.509415527568
2000-10-10,1065.4239643210415
2000-10-11,1050.355762940532
2000-10-12,1041.747146887107
2000-10-13,1040.0290811224545
2000-10-16,1042.7774997113809
2000-10-17,1026.9209932251672
2000-10-18,1018.4956002558298
2000-10-19,1035.8305871727307
2000-10-20,1032.8617635404828
2000-10-23,1027.0657804391128
2000-10-24,1039.0902675138725
2000-10-25,1024.503609075476
2000-10-26,1032.6436166256563
2000-10-27,1049.5959354876557
2000-10-30,1053.0840989394349
2000-10-31,1070.3999813661633
2000-11-01,1074.4396219094306
2000-11-02,1077.3637229070785
2000-11-03,1072.3716270422317
2000-11-06,1073.912383416011
2000-11-07,1074.3536169807207
2000-11-08,1073.8950292856327
2000-11-09,1068.6242963071586
2000-11-10,1067.9448748055404
2000-11-13,1060.6404782229558
2000-11-14,1064.4579353254849
2000-11-15,1059.643897515085
2000-11-16,1055.3024039116292
2000-11-17,1056.3261940822858
2000-11-20,1057.4035211303133
2000-11-21,1055.308137002848
2000-11-22,1042.548553670057
2000-11-23,1044.872275360429
2000-11-24,1051.1708740645975
2000-11-27,1051.1497420837843
2000-11-28,1039.1837829659853
2000-11-29,1038.8920379271335
2000-11-30,1026.5056335978725
2000-12-01,1025.1302188426826
2000-12-04,1022.8575483251943
2000-12-05,1039.555396005865
2000-12-06,1038.1491857247386
2000-12-07,1033.7321835958392
2000-12-08,1032.1660028090066
2000-12-11,1034.812227318152
2000-12-12,1035.0913514132417
2000-12-13,1031.1950160210226
2000-12-14,1032.5397695942927
2000-12-15,1024.1425972657737
2000-12-18,1022.6881187067276
2000-12-19,1023.0234207355793
2000-12-20,1011.5244055006619
2000-12-21,1012.9790336455783
2000-12-22,1017.6763688741486
2000-12-25,1017.6763688741486
2000-12-26,1018.638503324339
2000-12-27,1020.7283178613488
2000-12-28,1024.4317716785333
2000-12-29,1028.312313464857
2001-01-01,1028.312313464857
2001-01-02,1024.7502917920217
2001-01-03,1042.1552420477713
2001-01-04,1058.053818206168
2001-01-05,1056.883708578005
2001-01-08,1059.6820126891084
2001-01-09,1070.5305739083803
2001-01-10,1070.7543643040335
2001-01-11,1082.2260021823852
2001-01-12,1083.9518723605847
2001-01-15,1087.7739221543482
2001-01-16,1087.0332638672662
2001-01-17,1095.1101375705503
2001-01-18,1108.8786945564552
2001-01-19,1122.4403395250395
2001-01-22,1128.816552082585
2001-01-23,1142.675769697808
2001-01-24,1145.0128722517554
2001-01-25,1146.192050972311
2001-01-26,1147.9348347140565
2001-01-29,1154.1685497570754
2001-01-30,1163.8074009438567
2001-01-31,1173.7717475332045
2001-02-01,1180.5127905370769
2001-02-02,1172.698018955498
2001-02-05,1164.0083380722401
2001-02-06,1161.8362093431615
2001-02-07,1148.310401410242
2001-02-08,1150.055244012303
2001-02-09,1154.5760408683707
2001-02-12,1159.3774810335117
2001-02-13,1155.230636570636
2001-02-14,1150.6614268342732
2001-02-15,1152.3340411885356
2001-02-16,1145.6072419585882
2001-02-19,1146.0584548568256
2001-02-20,1139.0845742499896
2001-02-21,1116.0778946815385
2001-02-22,1116.1092088931687
2001-02-23,1109.0748933072264
2001-02-26,1115.5103010719185
2001-02-27,1109.3893568321857
2001-02-28,1100.6198469152741
2001-03-01,1099.9819133976073
2001-03-02,1107.217800269962
2001-03-05,1118.991787972443
2001-03-06,1123.9634622995532
2001-03-07,1136.0932958598523
2001-03-08,1139.2147642895402
2001-03-09,1134.3701691493918
2001-03-12,1116.0510569880005
2001-03-13,1115.4849201653599
2001-03-14,1103.9860939785572
2001-03-15,1103.2836864685985
2001-03-16,1099.6540152640748
2001-03-19,1098.6511738266984
2001-03-20,1092.1212191910888
2001-03-21,1085.2796838124186
2001-03-22,1060.096245832448
2001-03-23,1061.9388242678842
2001-03-26,1075.5092302226283
2001-03-27,1079.678877958516
2001-03-28,1070.6559727860642
2001-03-29,1068.258696367824
2001-03-30,1077.8291776998158
2001-04-02,1078.6221174968575
2001-04-03,1063.715783500792
2001-04-04,1064.9992114545355
2001-04-05,1079.6582024374413
2001-04-06,1078.744285771788
2001-04-09,1077.9573158237517
2001-04-10,1082.6374064920597
2001-04-11,1077.7105817753725
2001-04-12,1075.6956112283738
2001-04-13,1075.7675199171397
2001-04-16,1064.3403103321348
2001-04-17,1068.8594566522502
2001-04-18,1086.2965901771763
2001-04-19,1073.1485996345177
2001-04-20,1063.9977220097508
2001-04-23,1053.7137902144254
2001-04-24,1056.1948463545998
2001-04-25,1056.3727930029163
2001-04-26,1071.373919862379
2001-04-27,1076.110485332946
2001-04-30,1078.3798046420109
2001-05-01,1076.718648207585
2001-05-02,1079.8018098645566
2001-05-03,1074.8580191625767
2001-05-04,1089.4780106176843
2001-05-07,1091.7632862281002
2001-05-08,1091.3992165494942
2001-05-09,1094.6426104225554
2001-05-10,1103.3328921892376
2001-05-11,1103.3032190175243
2001-05-14,1101.4588179560221
2001-05-15,1102.2722761339023
2001-05-16,1108.5498731220803
2001-05-17,1130.499003280181
2001-05-18,1142.0450858949187
2001-05-21,1147.1684501223983
2001-05-22,1150.8104773327814
2001-05-23,1153.384254113019
2001-05-24,1153.6491602162448
2001-05-25,1154.7001661379552
2001-05-28,1154.3436070211117
2001-05-29,1152.511162154429
2001-05-30,1147.9118640613133
2001-05-31,1161.4089260447497
2001-06-01,1159.9989701104626
2001-06-04,1173.3285353336976
2001-06-05,1171.1976739101765
2001-06-06,1167.6731406630806
2001-06-07,1176.2362827179884
2001-06-08,1178.5091207169226
2001-06-11,1178.3634693496037
2001-06-12,1173.2919759578294
2001-06-13,1169.7510773956053
2001-06-14,1164.568100178379
2001-06-15,1156.9677165065514
2001-06-18,1142.774515473653
2001-06-19,1128.9885137341746
2001-06-20,1132.7872432754593
2001-06-21,1141.4045114107748
2001-06-22,1138.214955808918
2001-06-25,1142.1187820965622
2001-06-26,1138.3223703374042
2001-06-27,1134.3652726180237
2001-06-28,1131.7293631497637
2001-06-29,1129.2418778079548
2001-07-02,1135.3906482836169
2001-07-03,1129.436253552786
2001-07-04,1124.6870412317749
2001-07-05,1115.3676590524212
2001-07-06,1109.9792689322837
2001-07-09,1112.8969462187274
2001-07-10,1104.6195983296625
2001-07-11,1076.128261472435
2001-07-12,1049.6862730894688
2001-07-13,1053.5732966243222
2001-07-16,1052.7479918205895
2001-07-17,1069.0420113724597
2001-07-18,1061.4224273226448
2001-07-19,1049.8585758497168
2001-07-20,1055.6762949038955
2001-07-23,1061.6857572352424
2001-07-24,1052.9716506081384
2001-07-25,1052.0965397972127
2001-07-26,1057.079706204656
2001-07-27,1059.3354106339384
2001-07-30,1064.9700266699883
2001-07-31,1062.3089716485467
2001-08-01,1049.8127524381173
2001-08-02,1057.321285846056
2001-08-03,1058.802146298948
2001-08-06,1054.550743495236
2001-08-07,1055.5278959784137
2001-08-08,1061.5910354730431
2001-08-09,1067.5772146621002
2001-08-10,1073.6401026312149
2001-08-13,1074.725163103208
2001-08-14,1070.83715034079
2001-08-15,1071.0156113994099
2001-08-16,1074.4049498600605
2001-08-17,1063.315936844648
2001-08-20,1063.8925393602483
2001-08-21,1060.8776419414646
2001-08-22,1075.913241277047
2001-08-23,1070.7074625731796
2001-08-24,1076.7293904342696
2001-08-27,1075.6544407359509
2001-08-28,1077.9429869725222
2001-08-29,1085.9387467063868
2001-08-30,1079.02163999024
2001-08-31,1077.6791371552279
2001-09-03,1072.8338061820966
2001-09-04,1070.4707517515685
2001-09-05,1065.6722278243162
2001-09-06,1053.5258849234633
2001-09-07,1046.7096964994848
2001-09-10,1036.126405924613
2001-09-11,994.2138586476142
2001-09-12,997.0338149192794
2001-09-13,985.2401003933574
2001-09-14,971.4839473873658
2001-09-17,959.4248908279768
2001-09-18,960.5509127915307
2001-09-19,948.1354621475792
2001-09-20,915.0049639245407
2001-09-21,897.560774954202
2001-09-24,913.3240691484752
2001-09-25,907.5088488582708
2001-09-26,899.2106286572748
2001-09-27,889.8479344615312
2001-09-28,886.7656819910247
2001-10-01,886.9849251133403
2001-10-02,882.2595976741324
2001-10-03,874.0212852113619
2001-10-04,867.9911180852179
2001-10-05,866.3838755326074
2001-10-08,856.4622152320969
2001-10-09,853.7443864525263
2001-10-10,869.160857095701
2001-10-11,882.2505019012174
2001-10-12,875.9486955954523
2001-10-15,872.1764297962335
2001-10-16,882.650834305081
2001-10-17,892.9338347293155
2001-10-18,888.5249771009579
2001-10-19,897.0198421504542
2001-10-22,895.6427599121312
2001-10-23,894.3614484135437
2001-10-24,899.1118055397004
2001-10-25,894.0446296974721
2001-10-26,891.9536571006812
2001-10-29,876.5869306156306
2001-10-30,872.11508679816
2001-10-31,876.3941568789311
2001-11-01,876.6920208820197
2001-11-02,874.7960484333908
2001-11-05,882.2505871913401
2001-11-06,884.9712336182051
2001-11-07,888.1488422813313
2001-11-08,891.9799427067737
2001-11-09,889.1840023164577
2001-11-12,879.263390778295
2001-11-13,890.6800564223486
2001-11-14,900.2319510688438
2001-11-15,906.1184656335529
2001-11-16,902.9833789854298
2001-11-19,914.8345649450698
2001-11-20,907.6374089056782
2001-11-21,908.273765949034
2001-11-22,911.493402266555
2001-11-23,917.7731456203434
2001-11-26,921.2219997655318
2001-11-27,921.6438515826193
2001-11-28,910.5374174128193
2001-11-29,905.7763946851727
2001-11-30,908.0284363076743
2001-12-03,911.9925618316086
2001-12-04,916.8285000757056
2001-12-05,935.6306616620844
2001-12-06,948.7941376213475
2001-12-07,955.2805834192271
2001-12-10,944.4523074723489
2001-12-11,948.316805581139
2001-12-12,949.6137810407839
2001-12-13,954.4804801700809
2001-12-14,959.0328594943998
2001-12-17,964.3821820855067
2001-12-18,964.0007167296488
2001-12-19,969.8471096822518
2001-12-20,992.3974279335855
2001-12-21,999.5577405400797
2001-12-24,1001.7749226535706
2001-12-25,1001.7749226535706
2001-12-26,1003.1285526753969
2001-12-27,1006.3564480293514
2001-12-28,992.9324722403771
2001-12-31,991.3880496037345
2002-01-01,991.3880496037345
2002-01-02,1015.5466910921127
2002-01-03,1051.0811306043358
2002-01-04,1067.1587339123287
2002-01-07,984.4551844741579
2002-01-08,982.9596267235023
2002-01-09,976.1308117975295
2002-01-10,965.3465915309025
2002-01-11,962.9238625926579
2002-01-14,962.431161011574
2002-01-15,976.6565029300411
2002-01-16,974.7964052255884
2002-01-17,950.280240067399
2002-01-18,978.582654809977
2002-01-21,1004.610302965912
2002-01-22,1004.3249924409564
2002-01-23,1008.4433965995221
2002-01-24,1008.233264325447
2002-01-25,1007.2845853449611
2002-01-28,1014.0574076356016
2002-01-29,1002.2716405877105
2002-01-30,1009.171159039543
2002-01-31,998.4842079691671
2002-02-01,998.7148755773096
2002-02-04,992.1799306099045
2002-02-05,987.0624256083121
2002-02-06,1003.1190512900603
2002-02-07,997.4324289650771
2002-02-08,992.5089460155575
2002-02-11,959.729266123704
2002-02-12,965.877213942494
2002-02-13,977.3802989427699
2002-02-14,977.1295677627955
2002-02-15,969.9726114848995
2002-02-18,974.2622106312936
2002-02-19,965.9909002662426
2002-02-20,955.6322028017055
2002-02-21,956.5493760906883
2002-02-22,952.9090756901891
2002-02-25,953.3010801866045
2002-02-26,953.9846332490721
2002-02-27,957.4035170650733
2002-02-28,960.3829116559673
2002-03-01,971.1233799824012
2002-03-04,982.862353886628
2002-03-05,983.6029900555354
2002-03-06,992.480771256941
2002-03-07,993.3094739808358
2002-03-08,1005.3601212790668
2002-03-11,998.9536822250614
2002-03-12,1002.4893881115463
2002-03-13,1005.7023490138428
2002-03-14,997.6317464924163
2002-03-15,999.2947123149347
2002-03-18,1004.5440843623213
2002-03-19,1007.6397829931698
2002-03-20,1003.2603302623983
2002-03-21,1004.9166889509257
2002-03-22,1002.3786370181565
2002-03-25,974.6902707562608
2002-03-26,976.95453190288
2002-03-27,988.6858954337457
2002-03-28,988.9661939316453
2002-03-29,988.9661939316453
2002-04-01,987.9283960436992
2002-04-02,992.0682401564865
2002-04-03,990.2083483938873
2002-04-04,986.9460284449361
2002-04-05,995.2115394378291
2002-04-08,991.2158944278254
2002-04-09,994.3348774328225
2002-04-10,1006.1094551924655
2002-04-11,998.0014226974448
2002-04-12,996.0660358386776
2002-04-15,991.0588704983006
2002-04-16,991.4706186171691
2002-04-17,998.8038798579857
2002-04-18,998.4607181285564
2002-04-19,1001.1748058088353
2002-04-22,993.3391941751249
2002-04-23,988.7810302213051
2002-04-24,989.5792507359521
2002-04-25,984.526749911423
2002-04-26,991.9711429287889
2002-04-29,990.2925601015678
2002-04-30,1003.5919693220407
2002-05-01,995.798083578998
2002-05-02,1005.6730670314404
2002-05-03,998.9283210908085
2002-05-06,1010.7198324564966
2002-05-07,1000.6525222083927
2002-05-08,1005.4642703771656
2002-05-09,994.8960094736319
2002-05-10,991.5604367814475
2002-05-13,990.5140961338352
2002-05-14,992.2436144859378
2002-05-15,994.2403767939732
2002-05-16,1002.0590433008643
2002-05-17,994.4847719706095
2002-05-20,982.9787221017363
2002-05-21,975.125907064295
2002-05-22,974.8521104857982
2002-05-23,980.0045884898468
2002-05-24,975.7981010695735
2002-05-27,972.1856375055187
2002-05-28,968.1111197666334
2002-05-29,956.5140160765137
2002-05-30,943.3211599080605
2002-05-31,937.4889908108754
2002-06-03,932.4790948969231
2002-06-04,921.2991429880842
2002-06-05,915.5644713422505
2002-06-06,901.6001501893572
2002-06-07,903.4159857792318
2002-06-10,901.9921004923676
2002-06-11,905.673362793443
2002-06-12,899.2099249189836
2002-06-13,896.9803673783372
2002-06-14,887.7285935622639
2002-06-17,892.2048686973789
2002-06-18,895.7897048478318
2002-06-19,886.7848368226929
2002-06-20,880.2312565254871
2002-06-21,854.039710532498
2002-06-24,843.6267755147411
2002-06-25,848.6873046319871
2002-06-26,827.3099565949134
2002-06-27,840.7341940061045
2002-06-28,853.1769990895335
2002-07-01,856.6286868789784
2002-07-02,855.7493664574539
2002-07-03,863.7869566106717
2002-07-04,875.2244014571364
2002-07-05,879.9915736614997
2002-07-08,882.4143410420993
2002-07-09,880.3417488488005
2002-07-10,873.0975131400934
2002-07-11,867.532523291748
2002-07-12,869.5648395297944
2002-07-15,859.4742041535744
2002-07-16,859.9940122320126
2002-07-17,866.8283249848256
2002-07-18,873.3092112397576
2002-07-19,873.6920428773825
2002-07-22,861.0070912623314
2002-07-23,848.1733186705719
2002-07-24,851.0711109399975
2002-07-25,844.3986664733119
2002-07-26,837.2692808232238
2002-07-29,854.134980834025
2002-07-30,852.2782406106576
2002-07-31,849.8890664595
2002-08-01,832.6510970572068
2002-08-02,833.8634796635165
2002-08-05,821.8095585064129
2002-08-06,837.438670864859
2002-08-07,848.3161683207776
2002-08-08,868.1494646488075
2002-08-09,868.6488704166155
2002-08-12,859.0584441587306
2002-08-13,849.3571764037758
2002-08-14,858.3496517957265
2002-08-15,861.3361436613875
2002-08-16,869.2862852456374
2002-08-19,873.7069986472718
2002-08-20,873.2633464488954
2002-08-21,875.5597052855468
2002-08-22,875.5768892139569
2002-08-23,869.5702506848328
2002-08-26,870.2754570677344
2002-08-27,862.294935648884
2002-08-28,853.2809525412374
2002-08-29,852.6950292110846
2002-08-30,853.0182683524424
2002-09-02,848.9290443191843
2002-09-03,839.8946518817637
2002-09-04,840.3601678483471
2002-09-05,833.8236318708605
2002-09-06,840.2939534805151
2002-09-09,847.9318326234732
2002-09-10,854.9625965745412
2002-09-11,862.8021063869791
2002-09-12,858.5236780569378
2002-09-13,856.0055728391239
2002-09-16,853.329799530355
2002-09-17,845.4471526969904
2002-09-18,836.9210408966941
2002-09-19,821.4679758471983
2002-09-20,809.210753458545
2002-09-23,796.5352392268721
2002-09-24,795.08037908753
2002-09-25,801.0417375480949
2002-09-26,813.5127005516432
2002-09-27,805.079955169967
2002-09-30,801.28028673299
2002-10-01,813.6231424849973
2002-10-02,811.8702997741716
2002-10-03,815.0694935327042
2002-10-04,816.6448144021284
2002-10-07,808.2044733731046
2002-10-08,809.6705498294086
2002-10-09,798.1032344463431
2002-10-10,803.7461282182779
2002-10-11,818.1999616223187
2002-10-14,817.6094343131218
2002-10-15,833.1976846898157
2002-10-16,830.6880910133603
2002-10-17,840.6720541634639
2002-10-18,852.4491579204824
2002-10-21,859.4446831693908
2002-10-22,854.1619327769448
2002-10-23,855.4692824792609
2002-10-24,856.4363935806879
2002-10-25,857.1308348284284
2002-10-28,859.9066144232427
2002-10-29,847.9209549547155
2002-10-30,855.5045276861025
2002-10-31,863.0253084681922
2002-11-01,865.1436202036037
2002-11-04,867.8531621262808
2002-11-05,871.2636327318327
2002-11-06,879.6532956766918
2002-11-07,881.4705513389057
2002-11-08,880.0663122494806
2002-11-11,876.6313845815208
2002-11-12,883.1868554162174
2002-11-13,883.352201704621
2002-11-14,887.2041508758384
2002-11-15,888.5777772579963
2002-11-18,891.1846248871593
2002-11-19,887.992904145849
2002-11-20,890.645358363801
2002-11-21,906.994581597604
2002-11-22,901.782511473939
2002-11-25,906.6980547899511
2002-11-26,905.0731692550914
2002-11-27,916.5465832007502
2002-11-28,917.292751657793
2002-11-29,916.357066807142
2002-12-02,922.894168435286
2002-12-03,926.7867488323006
2002-12-04,921.7151908285244
2002-12-05,926.5733627151182
2002-12-06,928.2561862496128
2002-12-09,922.9347935408987
2002-12-10,923.8820792698488
2002-12-11,925.542053751109
2002-12-12,927.4427853375788
2002-12-13,923.2400739200211
2002-12-16,931.366453596834
2002-12-17,930.2707970536597
2002-12-18,933.465235272852
2002-12-19,941.470041329153
2002-12-20,945.326119628257
2002-12-23,941.244279295336
2002-12-24,942.1803089392321
2002-12-25,942.1803089392321
2002-12-26,938.2760232686344
2002-12-27,932.8870435343443
2002-12-30,930.6930420192144
2002-12-31,929.9367579674276
2003-01-01,929.9367579674276
2003-01-02,937.9533855831348
2003-01-03,944.8362678266477
2003-01-06,955.243604627879
2003-01-07,957.2212953435468
2003-01-08,955.0051910113555
2003-01-09,967.4303823861866
2003-01-10,968.0589560620342
2003-01-13,970.3118210712591
2003-01-14,974.3749520163307
2003-01-15,971.5777317844078
2003-01-16,966.5534705297684
2003-01-17,950.1521954957553
2003-01-20,952.8498994183245
2003-01-21,944.7000088468033
2003-01-22,943.3582509341119
2003-01-23,942.7024806874099
2003-01-24,929.7630978262446
2003-01-27,921.532953513639
2003-01-28,919.57299503178
2003-01-29,918.3614288491643
2003-01-30,922.8321851950627
2003-01-31,927.1126942960914
2003-02-03,934.7033171081397
2003-02-04,934.8617260663243
2003-02-05,937.8623948947404
2003-02-06,939.2182122531857
2003-02-07,940.5178928137848
2003-02-10,938.2602629633949
2003-02-11,942.8981140943007
2003-02-12,946.083346199352
2003-02-13,944.8366338120517
2003-02-14,940.280159449542
2003-02-17,953.5632400794625
2003-02-18,957.754652628498
2003-02-19,946.4806656118494
2003-02-20,944.4589420997237
2003-02-21,952.1537927616686
2003-02-24,948.3622451141896
2003-02-25,942.2795402279673
2003-02-26,941.5331617618817
2003-02-27,940.2587305552278
2003-02-28,950.8067289130314
2003-03-03,953.4299804556289
2003-03-04,946.5706742037698
2003-03-05,940.923750244474
2003-03-06,938.5750617570114
2003-03-07,943.6922745525192
2003-03-10,931.3412100361223
2003-03-11,928.609116803897
2003-03-12,936.6248205070793
2003-03-13,951.6389040159355
2003-03-14,954.2130044041261
2003-03-17,956.5431539700703
2003-03-18,964.7818233463648
2003-03-19,963.5954436816672
2003-03-20,965.4527419242742
2003-03-21,974.4881520675365
2003-03-24,963.0772053618357
2003-03-25,971.9092536340366
2003-03-26,970.7883335964949
2003-03-27,968.7552419475703
2003-03-28,967.6070989631144
2003-03-31,960.9594039800022
2003-04-01,965.0698281083617
2003-04-02,979.0818837011404
2003-04-03,986.3794412386812
2003-04-04,995.4196892600039
2003-04-07,1002.8301531545428
2003-04-08,1002.0576681347078
2003-04-09,1004.1772458720471
2003-04-10,1008.3783864242
2003-04-11,1013.8787101128535
2003-04-14,1025.1316620615823
2003-04-15,1035.5391881483038
2003-04-16,1042.0393185844396
2003-04-17,1050.8877474153903
2003-04-18,1050.8877474153903
2003-04-21,1063.73611511589
2003-04-22,1070.7034880058823
2003-04-23,1087.464751851499
2003-04-24,1090.603279895472
2003-04-25,1093.2504412904977
2003-04-28,1089.4344758993348
2003-04-29,1104.6377783828682
2003-04-30,1125.2250616766214
2003-05-01,1128.7545196809472
2003-05-02,1143.6117136204077
2003-05-05,1148.3860919807269
2003-05-06,1140.5943960911843
2003-05-07,1147.9065063124403
2003-05-08,1144.5041409694636
2003-05-09,1159.9017264311342
2003-05-12,1155.3291671979962
2003-05-13,1163.211083790709
2003-05-14,1164.7057629782666
2003-05-15,1153.3458153980396
2003-05-16,1139.277894017016
2003-05-19,1125.608183065944
2003-05-20,1113.7264886501332
2003-05-21,1122.951162773864
2003-05-22,1145.912610121987
2003-05-23,1151.8915009981608
2003-05-26,1156.4767414854782
2003-05-27,1167.5374982929577
2003-05-28,1170.1532783394603
2003-05-29,1184.1680179166024
2003-05-30,1189.5690442842838
2003-06-02,1206.5668611234616
2003-06-03,1201.0442983742912
2003-06-04,1198.594936458097
2003-06-05,1197.2013997166216
2003-06-06,1213.6698670475994
2003-06-09,1202.572020025839
2003-06-10,1210.7931402223717
2003-06-11,1220.1421426359614
2003-06-12,1232.2533400490279
2003-06-13,1234.70832798149
2003-06-16,1240.7069755053715
2003-06-17,1256.8899411751242
2003-06-18,1247.6158302549213
2003-06-19,1248.7129204629289
2003-06-20,1254.6478766234322
2003-06-23,1248.3638698385569
2003-06-24,1251.0889825878248
2003-06-25,1256.9769507510557
2003-06-26,1238.4931368256853
2003-06-27,1243.5183862808503
2003-06-30,1237.5393866597774
2003-07-01,1245.4734171518082
2003-07-02,1252.4988288943978
2003-07-03,1248.2753082721429
2003-07-04,1253.3811273355598
2003-07-07,1259.8905265475887
2003-07-08,1248.1221234243478
2003-07-09,1249.2100328153992
2003-07-10,1241.3319997530102
2003-07-11,1248.0586327364244
2003-07-14,1254.6184733513169
2003-07-15,1242.5322138338915
2003-07-16,1236.0442869846472
2003-07-17,1240.4716213797908
2003-07-18,1246.6992670737948
2003-07-21,1248.2769282666657
2003-07-22,1257.0590417238384
2003-07-23,1262.565761783938
2003-07-24,1260.6947451592064
2003-07-25,1268.146410603439
2003-07-28,1267.6206887985481
2003-07-29,1264.965380144129
2003-07-30,1267.8374654128106
2003-07-31,1272.3335022634596
2003-08-01,1268.7557801474852
2003-08-04,1263.1118490543772
2003-08-05,1251.5035270244932
2003-08-06,1256.9780108604534
2003-08-07,1262.1344102900416
2003-08-08,1273.880581166578
2003-08-11,1277.991947325661
2003-08-12,1280.4210690707555
2003-08-13,1283.562312889783
2003-08-14,1295.3313118776123
2003-08-15,1289.428675538677
2003-08-18,1296.0304105639045
2003-08-19,1285.3415909821097
2003-08-20,1284.324187802333
2003-08-21,1286.5446429306448
2003-08-22,1275.2514329386636
2003-08-25,1268.0460982502834
2003-08-26,1262.3373719170038
2003-08-27,1272.6853463656987
2003-08-28,1273.8193675955843
2003-08-29,1275.2669497339768
2003-09-01,1275.465578001959
2003-09-02,1282.2605209612811
2003-09-03,1299.9700794162522
2003-09-04,1302.0436480968765
2003-09-05,1313.0053537085741
2003-09-08,1322.536342941525
2003-09-09,1314.4699713830203
2003-09-10,1327.1940401766635
2003-09-11,1337.8978181014613
2003-09-12,1343.9449159391918
2003-09-15,1347.7084245161811
2003-09-16,1355.5021122863707
2003-09-17,1363.4199056947882
2003-09-18,1366.8968274738793
2003-09-19,1367.960237721966
2003-09-22,1372.9375709321557
2003-09-23,1382.756371094257
2003-09-24,1385.5763564704814
2003-09-25,1380.1300508508214
2003-09-26,1383.840756728044
2003-09-29,1379.7324933586367
2003-09-30,1380.350841702395
2003-10-01,1397.0040434391271
2003-10-02,1390.5010194359136
2003-10-03,1401.2049678245946
2003-10-06,1406.3629589040077
2003-10-07,1404.3177139005716
2003-10-08,1423.1459932782755
2003-10-09,1446.2386198929198
2003-10-10,1460.2360467050935
2003-10-13,1472.5744191408226
2003-10-14,1480.044663871936
2003-10-15,1469.1961289639887
2003-10-16,1467.1812247948785
2003-10-17,1462.0903697011279
2003-10-20,1483.835279207757
2003-10-21,1496.139118001678
2003-10-22,1492.527669622543
2003-10-23,1485.4953504568484
2003-10-24,1486.3867671209541
2003-10-27,1493.1566044160022
2003-10-28,1500.1228043871702
2003-10-29,1512.1849747168492
2003-10-30,1515.420830154991
2003-10-31,1511.633488186246
2003-11-03,1532.7098333842382
2003-11-04,1530.5414546905506
2003-11-05,1527.6482956414977
2003-11-06,1533.2162400510153
2003-11-07,1545.73573516758
2003-11-10,1529.6971607536243
2003-11-11,1525.1919671640208
2003-11-12,1541.8461058168207
2003-11-13,1551.6090062210596
2003-11-14,1560.1391000359856
2003-11-17,1532.5751259203096
2003-11-18,1533.662995204389
2003-11-19,1516.7604898903505
2003-11-20,1518.16215635681
2003-11-21,1521.1649113505612
2003-11-24,1514.6008658989776
2003-11-25,1522.984726566999
2003-11-26,1530.97213796553
2003-11-27,1530.1819452271068
2003-11-28,1507.7510567175252
2003-12-01,1530.1046913741138
2003-12-02,1537.5223242497
2003-12-03,1544.0628417709438
2003-12-04,1544.285605730698
2003-12-05,1552.0905907936174
2003-12-08,1549.348158050323
2003-12-09,1553.093708878951
2003-12-10,1532.8651558018269
2003-12-11,1539.279287276439
2003-12-12,1547.191353611143
2003-12-15,1541.1588485044906
2003-12-16,1534.1986004139374
2003-12-17,1543.7126606322474
2003-12-18,1571.04581288918
2003-12-19,1570.0897720781268
2003-12-22,1580.3292442922598
2003-12-23,1601.3467470797507
2003-12-24,1604.0286095793265
2003-12-25,1604.0286095793265
2003-12-26,1611.742043505562
2003-12-29,1625.9383248799581
2003-12-30,1644.0353493517584
2003-12-31,1641.2823598124003
2004-01-01,1641.2823598124003
2004-01-02,1663.713555174707
2004-01-05,1711.907357882559
2004-01-06,1729.621113569161
2004-01-07,1737.0461981653407
2004-01-08,1745.1158991344107
2004-01-09,1758.5001920821971
2004-01-12,1749.3145143317306
2004-01-13,1751.9607139863194
2004-01-14,1744.0028379858502
2004-01-15,1740.9235733880132
2004-01-16,1740.3184585838842
2004-01-19,1753.4676658665353
2004-01-20,1768.390698114603
2004-01-21,1759.6554424432554
2004-01-22,1760.8052760099902
2004-01-23,1754.6727590149424
2004-01-26,1760.9587242071689
2004-01-27,1777.7785068811124
2004-01-28,1758.216676640569
2004-01-29,1716.0928849670518
2004-01-30,1727.1486464759325
2004-02-02,1738.6987124517177
2004-02-03,1746.250230705361
2004-02-04,1730.742662324962
2004-02-05,1704.1298964943228
2004-02-06,1728.2789451818576
2004-02-09,1757.994632377617
2004-02-10,1739.0060839500097
2004-02-11,1754.4873327612763
2004-02-12,1785.37016864772
2004-02-13,1785.9155454947997
2004-02-16,1800.1458892264197
2004-02-17,1822.1199166722656
2004-02-18,1838.133684988912
2004-02-19,1829.493238466304
2004-02-20,1815.0173135755804
2004-02-23,1826.417048443242
2004-02-24,1822.874629573794
2004-02-25,1816.8111814472848
2004-02-26,1811.0003623071595
2004-02-27,1816.411913904952
2004-03-01,1849.7343351547297
2004-03-02,1842.7258858785647
2004-03-03,1827.6653896538078
2004-03-04,1828.9210951725452
2004-03-05,1832.5187777060894
2004-03-08,1814.053722843136
2004-03-09,1828.7538428859737
2004-03-10,1826.2666616339288
2004-03-11,1803.1293183980492
2004-03-12,1803.7297894097771
2004-03-15,1792.8556677550614
2004-03-16,1804.5977599276503
2004-03-17,1810.991342484567
2004-03-18,1815.2052148962375
2004-03-19,1825.1454933815696
2004-03-22,1803.1139294108102
2004-03-23,1807.8622595382774
2004-03-24,1812.5264476627985
2004-03-25,1821.809797169411
2004-03-26,1826.8038361372535
2004-03-29,1825.6322758284691
2004-03-30,1827.7511551891403
2004-03-31,1859.5145250823955
2004-04-01,1882.303843134344
2004-04-02,1888.4707926927688
2004-04-05,1903.3851474265216
2004-04-06,1899.3138176895507
2004-04-07,1900.6023146129685
2004-04-08,1906.4785748208171
2004-04-09,1906.4785748208171
2004-04-12,1891.3813068625946
2004-04-13,1887.291203778196
2004-04-14,1868.2437827639706
2004-04-15,1865.0263691302443
2004-04-16,1872.5375775722657
2004-04-19,1859.965622917469
2004-04-20,1849.1812784427632
2004-04-21,1824.1326710388537
2004-04-22,1827.5043502389017
2004-04-23,1849.5919244919687
2004-04-26,1854.7657294594983
2004-04-27,1844.7904017251965
2004-04-28,1798.0746568462748
2004-04-29,1769.7311323711056
2004-04-30,1757.8218766841057
2004-05-03,1748.9738562220252
2004-05-04,1771.1773914368032
2004-05-05,1774.5212701923574
2004-05-06,1737.8307668505527
2004-05-07,1699.7491186064049
2004-05-10,1625.2586915466536
2004-05-11,1644.7866204329887
2004-05-12,1644.2261550570597
2004-05-13,1631.958732464061
2004-05-14,1645.1638641921402
2004-05-17,1619.4712322295602
2004-05-18,1627.6520589997888
2004-05-19,1657.6369204518674
2004-05-20,1645.945046872221
2004-05-21,1653.6243065933947
2004-05-24,1660.227904408194
2004-05-25,1673.0084850049348
2004-05-26,1691.461322373792
2004-05-27,1705.978708585154
2004-05-28,1705.31803451371
2004-05-31,1702.1964355806194
2004-06-01,1695.991058751346
2004-06-02,1700.5139097736528
2004-06-03,1686.5571045366987
2004-06-04,1685.701669874212
2004-06-07,1710.0950187591977
2004-06-08,1716.9050887571682
2004-06-09,1701.0651101834667
2004-06-10,1696.4389767841276
2004-06-11,1699.8481793459803
2004-06-14,1680.9608684005593
2004-06-15,1695.2310422638784
2004-06-16,1709.1586007530495
2004-06-17,1715.5995533727162
2004-06-18,1735.1769632685307
2004-06-21,1732.7682929653918
2004-06-22,1728.183667306119
2004-06-23,1736.6480689684797
2004-06-24,1752.0927463644916
2004-06-25,1749.9115721628298
2004-06-28,1743.296129782931
2004-06-29,1730.9102099012302
2004-06-30,1748.1430465477715
2004-07-01,1756.7721662360807
2004-07-02,1767.1350264072662
2004-07-05,1769.0568334285108
2004-07-06,1753.4417692691063
2004-07-07,1756.2842710200932
2004-07-08,1752.7192379974854
2004-07-09,1757.90312810533
2004-07-12,1760.3281462294508
2004-07-13,1752.9707458831901
2004-07-14,1755.1159786110093
2004-07-15,1751.3830574399512
2004-07-16,1766.8405511615763
2004-07-19,1767.2692363332853
2004-07-20,1777.1927409190503
2004-07-21,1761.7543989886979
2004-07-22,1761.1597577028963
2004-07-23,1751.7796193860233
2004-07-26,1735.15667067141
2004-07-27,1736.5119344727061
2004-07-28,1745.7831650939697
2004-07-29,1759.3665721463478
2004-07-30,1770.546868830723
2004-08-02,1772.5341986397407
2004-08-03,1780.8071031526736
2004-08-04,1773.953259307963
2004-08-05,1771.2306557520085
2004-08-06,1760.8196595472016
2004-08-09,1768.7578228795917
2004-08-10,1775.8619788618246
2004-08-11,1772.0153925039874
2004-08-12,1773.683958186997
2004-08-13,1772.4900105268262
2004-08-16,1783.8943509514713
2004-08-17,1797.5630271115451
2004-08-18,1813.0234493379833
2004-08-19,1823.5359424815742
2004-08-20,1831.0664848750703
2004-08-23,1833.7863562198604
2004-08-24,1838.8792992636152
2004-08-25,1842.1719851479584
2004-08-26,1839.151078594924
2004-08-27,1856.121295679018
2004-08-30,1855.4881093137217
2004-08-31,1874.8205266195923
2004-09-01,1890.053172605085
2004-09-02,1900.113391778411
2004-09-03,1907.8635661463527
2004-09-06,1920.2418041833691
2004-09-07,1917.8018386086906
2004-09-08,1919.5708239873393
2004-09-09,1927.5477532961177
2004-09-10,1939.855996711174
2004-09-13,1947.9502766384571
2004-09-14,1967.165285029414
2004-09-15,1968.8447334900857
2004-09-16,1977.8969970940782
2004-09-17,1986.5519902854398
2004-09-20,1994.1486392338534
2004-09-21,2002.8398411574244
2004-09-22,2002.5777562118665
2004-09-23,2008.847466255341
2004-09-24,2010.715294654704
2004-09-27,2011.5300433858283
2004-09-28,2033.0110719308427
2004-09-29,2050.906999118635
2004-09-30,2048.915788625621
2004-10-01,2076.318563620661
2004-10-04,2096.833136440074
2004-10-05,2095.010604480063
2004-10-06,2101.4979378125126
2004-10-07,2104.5907512089616
2004-10-08,2099.117284129529
2004-10-11,2100.733215123943
2004-10-12,2093.588024784505
2004-10-13,2072.9189887480625
2004-10-14,2063.1735307718413
2004-10-15,2077.1937230980047
2004-10-18,2082.822727153078
2004-10-19,2085.059507444315
2004-10-20,2068.628895335976
2004-10-21,2097.066214478367
2004-10-22,2091.611272541965
2004-10-25,2074.890546621877
2004-10-26,2075.6374431551694
2004-10-27,2101.57443263377
2004-10-28,2096.8792088683185
2004-10-29,2117.188084169282
2004-11-01,2130.2302601518663
2004-11-02,2144.7645433610537
2004-11-03,2171.7426433242695
2004-11-04,2191.964839969805
2004-11-05,2195.5095603160717
2004-11-08,2190.1323421948314
2004-11-09,2184.029611342028
2004-11-10,2194.395825032654
2004-11-11,2198.327737541512
2004-11-12,2205.753126723766
2004-11-15,2208.457718825563
2004-11-16,2215.694910932739
2004-11-17,2224.1852811871017
2004-11-18,2228.14003206589
2004-11-19,2219.0800802316076
2004-11-22,2201.5672667330546
2004-11-23,2221.605773044786
2004-11-24,2235.4996611341785
2004-11-25,2249.9897363238856
2004-11-26,2260.204705026785
2004-11-29,2273.85084546865
2004-11-30,2285.2086827573885
2004-12-01,2304.5831754338697
2004-12-02,2281.69994694743
2004-12-03,2295.601277272474
2004-12-06,2285.3335490359514
2004-12-07,2268.42667522476
2004-12-08,2259.006409930444
2004-12-09,2236.5091268332035
2004-12-10,2255.690305567423
2004-12-13,2273.6692443164566
2004-12-14,2289.5335702697334
2004-12-15,2307.4702049754274
2004-12-16,2303.4134242198725
2004-12-17,2308.6294494274093
2004-12-20,2342.2975182177643
2004-12-21,2349.2675019694943
2004-12-22,2348.737192543579
2004-12-23,2363.5170099379493
2004-12-24,2370.471325422532
2004-12-27,2377.9014876517117
2004-12-28,2370.0376633998435
2004-12-29,2376.7716882318064
2004-12-30,2386.2850263074247
2004-12-31,2395.2598028502434
2005-01-03,2386.6935586259615
2005-01-04,2327.7495952575778
2005-01-05,2306.858703876242
2005-01-06,2286.1306050524395
2005-01-07,2288.8114915966567
2005-01-10,2299.0869831476057
2005-01-11,2278.746076925982
2005-01-12,2294.696697317923
2005-01-13,2314.1934763781683
2005-01-14,2321.681272850946
2005-01-17,2321.9602150053156
2005-01-18,2313.1406884173375
2005-01-19,2323.8782017315884
2005-01-20,2308.0240758431896
2005-01-21,2311.362978239105
2005-01-24,2311.4378844478533
2005-01-25,2308.777382353477
2005-01-26,2340.197949021067
2005-01-27,2348.295354380066
2005-01-28,2356.599574918666
2005-01-31,2372.151583816107
2005-02-01,2395.49738173745
2005-02-02,2401.3506570604454
2005-02-03,2412.432751663454
2005-02-04,2428.3655362201957
2005-02-07,2430.647227673281
2005-02-08,2436.071267512021
2005-02-09,2444.6852768618355
2005-02-10,2466.0122917934414
2005-02-11,2469.0525971630154
2005-02-14,2475.2584843870845
2005-02-15,2479.2420097200693
2005-02-16,2478.8241879830084
2005-02-17,2490.7023239074656
2005-02-18,2503.5894781114466
2005-02-21,2500.681386364047
2005-02-22,2511.554399180043
2005-02-23,2509.0873466106214
2005-02-24,2521.728660548559
2005-02-25,2548.1481767337427
2005-02-28,2558.71391873182
2005-03-01,2558.536297105638
2005-03-02,2551.0406570161854
2005-03-03,2544.898024840668
2005-03-04,2569.5372287608216
2005-03-07,2576.277837027198
2005-03-08,2571.4685531340033
2005-03-09,2535.113223782418
2005-03-10,2503.310743333256
2005-03-11,2499.314930287083
2005-03-14,2435.676805772306
2005-03-15,2423.352123772224
2005-03-16,2422.707944175348
2005-03-17,2436.924427874015
2005-03-18,2456.853027092479
2005-03-21,2443.016998405676
2005-03-22,2437.5338307881175
2005-03-23,2390.4075861166666
2005-03-24,2392.353893497362
2005-03-25,2392.353893497362
2005-03-28,2385.729869107141
2005-03-29,2367.6435388231866
2005-03-30,2389.3735328131716
2005-03-31,2395.3849349245365
2005-04-01,2410.091550879567
2005-04-04,2379.071500788398
2005-04-05,2376.5652846160074
2005-04-06,2383.649269801401
2005-04-07,2420.433236018113
2005-04-08,2423.4957432145657
2005-04-11,2423.616573760499
2005-04-12,2422.10588046126
2005-04-13,2423.879069903261
2005-04-14,2390.105995636109
2005-04-15,2348.3282035529955
2005-04-18,2336.9746875199835
2005-04-19,2383.782437053019
2005-04-20,2372.7546034845454
2005-04-21,2397.2998569213464
2005-04-22,2388.4739088392716
2005-04-25,2404.058614850422
2005-04-26,2418.696177727298
2005-04-27,2397.5887402815356
2005-04-28,2357.0133587550526
2005-04-29,2368.6904851283743
2005-05-02,2393.664068067868
2005-05-03,2399.0322681728535
2005-05-04,2445.1613639672983
2005-05-05,2446.2767009759978
2005-05-06,2454.5340419193362
2005-05-09,2449.0656859080136
2005-05-10,2432.399582805395
2005-05-11,2420.395898676257
2005-05-12,2408.064854730909
2005-05-13,2405.731578191765
2005-05-16,2390.821534195219
2005-05-17,2403.8533247929386
2005-05-18,2433.932897575837
2005-05-19,2443.774675696255
2005-05-20,2436.1710965065836
2005-05-23,2444.5908973837795
2005-05-24,2437.233503072791
2005-05-25,2436.497316913807
2005-05-26,2438.4598452483483
2005-05-27,2449.42730413304
2005-05-30,2465.546170536999
2005-05-31,2439.476258277751
2005-06-01,2459.9993349741903
2005-06-02,2494.7215566105806
2005-06-03,2493.609302764904
2005-06-06,2476.961066894712
2005-06-07,2469.809213374856
2005-06-08,2468.8999440170437
2005-06-09,2454.05435074506
2005-06-10,2463.3773292678193
2005-06-13,2474.6506429087326
2005-06-14,2491.493799092486
2005-06-15,2513.3822951087313
2005-06-16,2532.972924197668
2005-06-17,2552.530628980112
2005-06-20,2535.964668817255
2005-06-21,2546.0520413084564
2005-06-22,2554.3560390619014
2005-06-23,2539.3565290776337
2005-06-24,2530.918328576871
2005-06-27,2526.654374178138
2005-06-28,2529.157244002217
2005-06-29,2532.043005244424
2005-06-30,2525.354440011568
2005-07-01,2537.633377800095
2005-07-04,2533.127778587493
2005-07-05,2546.2933512283585
2005-07-06,2553.522378458175
2005-07-07,2558.6184247419665
2005-07-08,2586.024044404103
2005-07-11,2602.5116509911004
2005-07-12,2618.6493943668675
2005-07-13,2627.5303235151005
2005-07-14,2652.2605513062804
2005-07-15,2651.1919781605716
2005-07-18,2671.5134348276856
2005-07-19,2703.9312562480577
2005-07-20,2705.665171341291
2005-07-21,2727.1497879751096
2005-07-22,2744.4271363877524
2005-07-25,2737.439238923507
2005-07-26,2729.32382469678
2005-07-27,2755.8975930972147
2005-07-28,2775.3959050842104
2005-07-29,2782.3516784668286
2005-08-01,2804.271592763104
2005-08-02,2837.010088668217
2005-08-03,2824.5073493659374
2005-08-04,2838.0754565825073
2005-08-05,2836.059628165579
2005-08-08,2853.9304342160576
2005-08-09,2846.85567128062
2005-08-10,2862.3847581706373
2005-08-11,2877.2455041672665
2005-08-12,2860.977718676548
2005-08-15,2876.5983180525454
2005-08-16,2868.1115574677797
2005-08-17,2864.6608669795637
2005-08-18,2845.930237612336
2005-08-19,2822.6899521225355
2005-08-22,2842.1252925223816
2005-08-23,2836.0717902130846
2005-08-24,2818.2287352197663
2005-08-25,2836.917707033668
2005-08-26,2819.2081784347083
2005-08-29,2800.857699636488
2005-08-30,2790.881159684515
2005-08-31,2818.34804058629
2005-09-01,2863.3514118018084
2005-09-02,2874.835473348729
2005-09-05,2871.957257248637
2005-09-06,2888.925270662686
2005-09-07,2901.4661182852124
2005-09-08,2909.349080336766
2005-09-09,2914.8014675248687
2005-09-12,2914.5140630226697
2005-09-13,2894.64320693213
2005-09-14,2920.156887750708
2005-09-15,2931.613884650227
2005-09-16,2941.6402407758283
2005-09-19,2952.7959853650777
2005-09-20,2964.8413728380274
2005-09-21,2982.2830868999204
2005-09-22,2949.385791855386
2005-09-23,2968.9210468630185
2005-09-26,2978.887127128075
2005-09-27,2973.350849194972
2005-09-28,2986.602945957219
2005-09-29,3003.1008350078146
2005-09-30,3042.1527129614765
2005-10-03,3055.0095141686033
2005-10-04,3056.572391070736
2005-10-05,3013.5950306787995
2005-10-06,2942.059406736329
2005-10-07,2949.6009286683316
2005-10-10,2951.167246609017
2005-10-11,2949.6070904402386
2005-10-12,2906.0832765152986
2005-10-13,2865.2304988225887
2005-10-14,2840.124740762557
2005-10-17,2880.8968368088345
2005-10-18,2861.695731301297
2005-10-19,2856.584869576508
2005-10-20,2838.9361005098517
2005-10-21,2830.6750985888184
2005-10-24,2868.224870422482
2005-10-25,2856.8087845670425
2005-10-26,2845.653661367183
2005-10-27,2800.8431610229054
2005-10-28,2815.2175259280725
2005-10-31,2829.1832280433746
2005-11-01,2843.7831102618247
2005-11-02,2873.398098427653
2005-11-03,2887.4793244652465
2005-11-04,2883.0424311969596
2005-11-07,2874.0847402396994
2005-11-08,2868.649589394703
2005-11-09,2886.2829919294736
2005-11-10,2907.88965033171
2005-11-11,2934.268756785151
2005-11-14,2934.770259340149
2005-11-15,2927.273582572406
2005-11-16,2949.6275713417635
2005-11-17,2980.9696636929452
2005-11-18,2991.769476997947
2005-11-21,3001.7402102172364
2005-11-22,3004.0093090742844
2005-11-23,3019.3328393269207
2005-11-24,3014.097625650839
2005-11-25,3035.665740933787
2005-11-28,3009.651925266997
2005-11-29,3005.0220082912533
2005-11-30,3026.0802065145763
2005-12-01,3054.641969777672
2005-12-02,3078.3438414570564
2005-12-05,3067.3495704489637
2005-12-06,3098.979685598773
2005-12-07,3061.9044861961233
2005-12-08,3040.9810162788717
2005-12-09,3030.6719657253657
2005-12-12,3034.764451589721
2005-12-13,3026.378006686642
2005-12-14,3013.280959458207
2005-12-15,3012.5188171800182
2005-12-16,2998.5378803788185
2005-12-19,2956.207318462933
2005-12-20,2956.1123630852053
2005-12-21,2973.5207156443626
2005-12-22,2989.6749723804223
2005-12-23,3006.641329156652
2005-12-26,3007.225140506679
2005-12-27,3003.3799904349617
2005-12-28,2997.5540811787
2005-12-29,3021.346719360314
2005-12-30,3041.9447054342163
2006-01-02,3022.2163323723616
2006-01-03,3068.348642365715
2006-01-04,3116.307145774093
2006-01-05,3113.183738879374
2006-01-06,3136.4195206914264
2006-01-09,3136.383560062188
2006-01-10,3136.0305138353147
2006-01-11,3160.365994261618
2006-01-12,3161.8507542747975
2006-01-13,3150.2579310590804
2006-01-16,3167.149694825439
2006-01-17,3156.3264866003497
2006-01-18,3137.1604195872605
2006-01-19,3170.7945905304377
2006-01-20,3174.381799922074
2006-01-23,3161.2922990142047
2006-01-24,3202.4054278347216
2006-01-25,3206.5511361093572
2006-01-26,3254.401275799829
2006-01-27,3277.5797788743926
2006-01-30,3316.7436117061334
2006-01-31,3313.1373424492053
2006-02-01,3315.540860901412
2006-02-02,3315.5346524652746
2006-02-03,3325.176431826258
2006-02-06,3358.6460828970044
2006-02-07,3299.6931903765526
2006-02-08,3255.517577779136
2006-02-09,3271.2184812091577
2006-02-10,3270.190168140182
2006-02-13,3242.478125458662
2006-02-14,3244.1153493343827
2006-02-15,3252.247217465081
2006-02-16,3274.2380824906286
2006-02-17,3305.047210895979
2006-02-20,3309.5057981374766
2006-02-21,3332.547984728602
2006-02-22,3360.6473631466692
2006-02-23,3386.8589133527894
2006-02-24,3409.59838931294
2006-02-27,3401.0198011614557
2006-02-28,3383.3477060081705
2006-03-01,3415.828327708773
2006-03-02,3409.9640588435027
2006-03-03,3402.5146207485955
2006-03-06,3362.537246961838
2006-03-07,3273.5677450710896
2006-03-08,3247.211297901083
2006-03-09,3264.770880129729
2006-03-10,3276.464905787094
2006-03-13,3304.7192594549006
2006-03-14,3316.907150092169
2006-03-15,3349.029679928194
2006-03-16,3388.059935105531
2006-03-17,3392.008630086114
2006-03-20,3377.9034996340793
2006-03-21,3354.3194970207346
2006-03-22,3359.8437590446642
2006-03-23,3342.211569144574
2006-03-24,3348.2960238582864
2006-03-27,3340.2461185533143
2006-03-28,3315.13057367093
2006-03-29,3357.373025713483
2006-03-30,3393.641041173767
2006-03-31,3389.1207583861624
2006-04-03,3418.384496576082
2006-04-04,3456.2662389667885
2006-04-05,3458.585794058704
2006-04-06,3443.2768225135264
2006-04-07,3405.447410799953
2006-04-10,3405.197044427254
2006-04-11,3395.5027664656623
2006-04-12,3421.438887844035
2006-04-13,3412.418678458305
2006-04-14,3412.418678458305
2006-04-17,3443.4663056923587
2006-04-18,3503.5213084444595
2006-04-19,3509.7999988163588
2006-04-20,3492.010348178723
2006-04-21,3521.7829348941386
2006-04-24,3535.017312940824
2006-04-25,3521.7324761701834
2006-04-26,3520.4536877562086
2006-04-27,3521.558191026891
2006-04-28,3545.5784426101036
2006-05-01,3552.9520343735508
2006-05-02,3580.9552067300383
2006-05-03,3571.355065562468
2006-05-04,3589.5750230911776
2006-05-05,3624.9293648415523
2006-05-08,3650.7414878455447
2006-05-09,3663.7539379981035
2006-05-10,3674.9684535808547
2006-05-11,3646.5732872386156
2006-05-12,3561.552385309591
2006-05-15,3462.1164328177656
2006-05-16,3475.5006516846497
2006-05-17,3361.1161901992796
2006-05-18,3290.8367366384837
2006-05-19,3297.2540364997317
2006-05-22,3175.414032680162
2006-05-23,3220.030109361439
2006-05-24,3153.1763099871546
2006-05-25,3221.9903235078664
2006-05-26,3301.5778521589023
2006-05-29,3314.189969684295
2006-05-30,3200.8498878535056
2006-05-31,3197.220605452179
2006-06-01,3249.3665063081826
2006-06-02,3279.970424544413
2006-06-05,3232.3680935690218
2006-06-06,3182.6520670966834
2006-06-07,3130.7573459778528
2006-06-08,3054.362187444022
2006-06-09,3042.764732297984
2006-06-12,2956.979301828005
2006-06-13,2848.5679212219384
2006-06-14,2872.895145509591
2006-06-15,3009.461870740765
2006-06-16,3020.465540836727
2006-06-19,2979.495639564222
2006-06-20,2965.846729428833
2006-06-21,3017.497248348847
2006-06-22,3017.4976960315776
2006-06-23,3023.988109580248
2006-06-26,3039.2696476910796
2006-06-27,2998.1643072316583
2006-06-28,3007.6324423513406
2006-06-29,3097.2161658783034
2006-06-30,3180.9704820044185
2006-07-03,3268.1361980391766
2006-07-04,3302.706703122464
2006-07-05,3215.5008797500627
2006-07-06,3261.4724737063707
2006-07-07,3259.9900882652246
2006-07-10,3272.1935902831233
2006-07-11,3254.765840752274
2006-07-12,3250.4056981153067
2006-07-13,3169.4485313116115
2006-07-14,3134.8446674774987
2006-07-17,3107.9598675101224
2006-07-18,3146.479049516209
2006-07-19,3245.295065635051
2006-07-20,3219.3901780277133
2006-07-21,3206.9413292346617
2006-07-24,3237.5167253994005
2006-07-25,3254.6446402196893
2006-07-26,3259.756520770981
2006-07-27,3297.3123189506487
2006-07-28,3327.1747394394088
2006-07-31,3333.280073360441
2006-08-01,3301.308157405135
2006-08-02,3334.849993568102
2006-08-03,3337.265249291439
2006-08-04,3356.49615942663
2006-08-07,3349.4824027975465
2006-08-08,3340.678429745619
2006-08-09,3343.9818139512968
2006-08-10,3338.0384204920488
2006-08-11,3351.8323153899755
2006-08-14,3349.5354275363925
2006-08-15,3377.872894293169
2006-08-16,3422.652941249613
2006-08-17,3435.9617378903745
2006-08-18,3440.110671222579
2006-08-21,3434.9198032863815
2006-08-22,3434.542078308902
2006-08-23,3400.9296967116943
2006-08-24,3374.0645221049012
2006-08-25,3379.4309284300443
2006-08-28,3395.2691130009025
2006-08-29,3403.061084103491
2006-08-30,3424.702472136623
2006-08-31,3417.4558658850933
2006-09-01,3438.178325448011
2006-09-04,3457.197131455283
2006-09-05,3455.9236991406856
2006-09-06,3412.7879490769287
2006-09-07,3381.8467473808396
2006-09-08,3397.487910549824
2006-09-11,3350.514571715617
2006-09-12,3393.259823101253
2006-09-13,3432.800926524339
2006-09-14,3449.836846720003
2006-09-15,3470.4804860372824
2006-09-18,3487.15435016578
2006-09-19,3477.956469680013
2006-09-20,3495.136784473097
2006-09-21,3456.0820968329963
2006-09-22,3431.97500750195
2006-09-25,3439.2046556088044
2006-09-26,3480.033179542363
2006-09-27,3493.730792236373
2006-09-28,3501.548850117048
2006-09-29,3510.899845571271
2006-10-02,3503.454677898563
2006-10-03,3503.420873416739
2006-10-04,3534.4544541365676
2006-10-05,3563.6303002285586
2006-10-06,3554.0247407816582
2006-10-09,3555.497561136383
2006-10-10,3585.7852506693853
2006-10-11,3585.7674279341663
2006-10-12,3629.2973051494423
2006-10-13,3668.114354405676
2006-10-16,3694.2215507453575
2006-10-17,3678.9145023957717
2006-10-18,3716.6624901388873
2006-10-19,3737.3081004726214
2006-10-20,3736.7173012656713
2006-10-23,3728.30924230233
2006-10-24,3746.062364144996
2006-10-25,3776.397943736959
2006-10-26,3783.3776515196346
2006-10-27,3768.2561949856768
2006-10-30,3719.0924999052672
2006-10-31,3773.7756267741406
2006-11-01,3786.5132678249824
2006-11-02,3771.768425603638
2006-11-03,3780.525472052669
2006-11-06,3825.1113790964846
2006-11-07,3838.689991406106
2006-11-08,3859.3179276320025
2006-11-09,3884.085936542785
2006-11-10,3865.5703931193507
2006-11-13,3867.84446374216
2006-11-14,3910.136508934837
2006-11-15,3922.728956336568
2006-11-16,3922.745269346555
2006-11-17,3886.0978045733477
2006-11-20,3893.7667239570787
2006-11-21,3910.9840364156207
2006-11-22,3927.499531192743
2006-11-23,3954.5909449287337
2006-11-24,3958.9468348047676
2006-11-27,3905.08865800272
2006-11-28,3894.7859907332995
2006-11-29,3952.661026116064
2006-11-30,3984.638068335292
2006-12-01,3979.985978997897
2006-12-04,4015.9412804254025
2006-12-05,4072.6169441814163
2006-12-06,4084.7720771760746
2006-12-07,4083.3390071854233
2006-12-08,4090.264795143611
2006-12-11,4104.0342327511835
2006-12-12,4094.912244908078
2006-12-13,4105.52764476372
2006-12-14,4140.159766237217
2006-12-15,4185.253566077182
2006-12-18,4204.7469878346365
2006-12-19,4185.234019028346
2006-12-20,4193.950964084216
2006-12-21,4203.957861642172
2006-12-22,4191.495394869999
2006-12-25,4191.495394869999
2006-12-26,4202.305471830115
2006-12-27,4236.273021303368
2006-12-28,4240.562828207134
2006-12-29,4263.459255859888
2007-01-01,4263.459255859888
2007-01-02,4284.414728859718
2007-01-03,4301.730214446499
2007-01-04,4263.4270512871035
2007-01-05,4209.938001482283
2007-01-08,4204.524398885849
2007-01-09,4141.636072570435
2007-01-10,4142.270263194995
2007-01-11,4205.728682480645
2007-01-12,4236.946711649182
2007-01-15,4277.158734563759
2007-01-16,4260.334300838387
2007-01-17,4280.435440659995
2007-01-18,4268.791752917538
2007-01-19,4298.967882315704
2007-01-22,4325.18302424439
2007-01-23,4342.52216213358
2007-01-24,4393.649358163678
2007-01-25,4357.378213344346
2007-01-26,4331.702443131871
2007-01-29,4287.270634571528
2007-01-30,4327.595709064606
2007-01-31,4389.488275658808
2007-02-01,4451.816657183156
2007-02-02,4447.130355563532
2007-02-05,4461.618567180243
2007-02-06,4487.610823345146
2007-02-07,4512.818646990748
2007-02-08,4503.960722732048
2007-02-09,4520.09034958903
2007-02-12,4509.117020008336
2007-02-13,4576.409376649549
2007-02-14,4649.121532466575
2007-02-15,4645.734774052084
2007-02-16,4652.506856289563
2007-02-19,4666.055235750064
2007-02-20,4631.747913089958
2007-02-21,4614.93725882677
2007-02-22,4664.933115834669
2007-02-23,4596.983122662121
2007-02-26,4546.060011307639
2007-02-27,4286.191155519506
2007-02-28,4333.049318026664
2007-03-01,4310.347910221593
2007-03-02,4293.782819000934
2007-03-05,4200.945270325142
2007-03-06,4296.242834814613
2007-03-07,4290.250295035962
2007-03-08,4378.586658289522
2007-03-09,4397.586729632247
2007-03-12,4432.498874497503
2007-03-13,4333.822919176153
2007-03-14,4334.46013012446
2007-03-15,4385.452312901838
2007-03-16,4391.926862654943
2007-03-19,4430.794809865663
2007-03-20,4479.717664099651
2007-03-21,4562.561066539109
2007-03-22,4567.000053230468
2007-03-23,4573.029949167813
2007-03-26,4551.762363545516
2007-03-27,4527.717999331835
2007-03-28,4492.288751667525
2007-03-29,4557.8296617917385
2007-03-30,4577.82887493576
2007-04-02,4597.972504675003
2007-04-03,4666.58217491245
2007-04-04,4685.594916445382
2007-04-05,4694.2603513095255
2007-04-06,4694.2603513095255
2007-04-09,4732.160346753269
2007-04-10,4746.921943319943
2007-04-11,4739.526649024902
2007-04-12,4772.403053650233
2007-04-13,4800.799163078151
2007-04-16,4829.756343571963
2007-04-17,4823.263978032215
2007-04-18,4853.495991104751
2007-04-19,4856.278754244909
2007-04-20,4890.971492247987
2007-04-23,4874.719403526506
2007-04-24,4847.739049923875
2007-04-25,4869.087663633471
2007-04-26,4860.922602783426
2007-04-27,4873.466603879988
2007-04-30,4862.631559571987
2007-05-01,4857.273382525259
2007-05-02,4898.185880711982
2007-05-03,4958.8345280099265
2007-05-04,4998.3409565381835
2007-05-07,5015.625272662946
2007-05-08,4989.0892912546315
2007-05-09,5068.318154619241
2007-05-10,5044.074160573286
2007-05-11,5085.098437686084
2007-05-14,5050.517206904297
2007-05-15,5024.456794014538
2007-05-16,5070.235289340228
2007-05-17,5080.870870450932
2007-05-18,5120.039347630446
2007-05-21,5135.625343376242
2007-05-22,5071.194424200969
2007-05-23,5079.645722395235
2007-05-24,4998.037267890811
2007-05-25,5070.537550475905
2007-05-28,5110.386670919903
2007-05-29,5109.155592734286
2007-05-30,5120.243709119093
2007-05-31,5191.598127123438
2007-06-01,5251.069912052393
2007-06-04,5258.841451257435
2007-06-05,5273.661146380877
2007-06-06,5179.959438552965
2007-06-07,5087.452801697157
2007-06-08,5115.90085875344
2007-06-11,5173.770419142491
2007-06-12,5152.449113335033
2007-06-13,5189.9645206112755
2007-06-14,5252.3410433972995
2007-06-15,5285.812063394282
2007-06-18,5302.120053148361
2007-06-19,5358.649152734427
2007-06-20,5315.134719629939
2007-06-21,5341.499239142234
2007-06-22,5351.301700301067
2007-06-25,5313.217336257529
2007-06-26,5256.282008233054
2007-06-27,5242.370589959501
2007-06-28,5294.707712999146
2007-06-29,5324.313452315357
2007-07-02,5377.694823540455
2007-07-03,5418.198112887206
2007-07-04,5438.574754071641
2007-07-05,5413.078126285754
2007-07-06,5432.666298130324
2007-07-09,5458.868475955947
2007-07-10,5407.664073192136
2007-07-11,5414.569996597328
2007-07-12,5464.582210802847
2007-07-13,5483.8830147508625
2007-07-16,5465.2954399732
2007-07-17,5459.439207088672
2007-07-18,5455.650798475777
2007-07-19,5521.767806180009
2007-07-20,5498.0714230457015
2007-07-23,5534.896918148981
2007-07-24,5463.095453722278
2007-07-25,5382.335233268345
2007-07-26,5221.691655987844
2007-07-27,5199.984491177924
2007-07-30,5287.457883746478
2007-07-31,5318.432998314357
2007-08-01,5242.614701140564
2007-08-02,5288.796983595385
2007-08-03,5208.619815471716
2007-08-06,5135.281603317574
2007-08-07,5185.084984523324
2007-08-08,5280.333001519969
2007-08-09,5129.0720134566445
2007-08-10,5042.956298671462
2007-08-13,5075.05319641688
2007-08-14,4934.999814831175
2007-08-15,4831.368823670018
2007-08-16,4575.864752543673
2007-08-17,4732.846806859888
2007-08-20,4762.004467473497
2007-08-21,4817.047812823002
2007-08-22,4951.781277047568
2007-08-23,4960.771559937461
2007-08-24,5040.20777106213
2007-08-27,5067.058327000153
2007-08-28,4916.409940475312
2007-08-29,4981.289940212547
2007-08-30,5004.775636906223
2007-08-31,5091.808811074198
2007-09-03,5127.931320399784
2007-09-04,5130.047967273834
2007-09-05,5081.681797478734
2007-09-06,5088.392955275371
2007-09-07,4993.230722571088
2007-09-10,4942.438276269747
2007-09-11,4981.265903370224
2007-09-12,4958.659127611204
2007-09-13,4997.78712030758
2007-09-14,4999.988195223754
2007-09-17,4959.068402712763
2007-09-18,5046.244884311433
2007-09-19,5109.061281776756
2007-09-20,5143.895456710791
2007-09-21,5159.246678062923
2007-09-24,5152.507824337773
2007-09-25,5121.042099223745
2007-09-26,5145.535606728474
2007-09-27,5199.274525918778
2007-09-28,5205.841826767852
2007-10-01,5292.899517970432
2007-10-02,5372.636654620208
2007-10-03,5352.510354324047
2007-10-04,5319.260168030517
2007-10-05,5409.648474902794
2007-10-08,5441.064075150949
2007-10-09,5502.329943163133
2007-10-10,5517.397735479521
2007-10-11,5521.9085621376
2007-10-12,5550.878278553963
2007-10-15,5559.961289532856
2007-10-16,5481.899119480251
2007-10-17,5520.078504200575
2007-10-18,5533.621367846563
2007-10-19,5445.684769413351
2007-10-22,5428.717614045914
2007-10-23,5490.698869126748
2007-10-24,5473.968931030996
2007-10-25,5528.24823586583
2007-10-26,5604.399316485099
2007-10-29,5634.930520330457
2007-10-30,5611.071279428093
2007-10-31,5602.598100954127
2007-11-01,5552.875104327308
2007-11-02,5498.478698291658
2007-11-05,5371.183211880819
2007-11-06,5401.375773980355
2007-11-07,5304.639490771832
2007-11-08,5232.2272685899825
2007-11-09,5206.671773929781
2007-11-12,5090.817383735568
2007-11-13,5186.740885349971
2007-11-14,5262.542227881234
2007-11-15,5184.260431895546
2007-11-16,5158.2521411589905
2007-11-19,5085.0735122900605
2007-11-20,5022.009453697433
2007-11-21,4914.736448993345
2007-11-22,4943.106566098571
2007-11-23,4976.70184086508
2007-11-26,4876.6938246023865
2007-11-27,4880.845385831817
2007-11-28,5059.440881490292
2007-11-29,5076.517661828682
2007-11-30,5095.757274068613
2007-12-03,5076.712781872412
2007-12-04,5063.928666970119
2007-12-05,5185.832257285656
2007-12-06,5302.043967660829
2007-12-07,5320.71550112979
2007-12-10,5306.941680069568
2007-12-11,5220.261884317068
2007-12-12,5163.87884852955
2007-12-13,5082.795043991141
2007-12-14,5090.334813862424
2007-12-17,4955.802614965471
2007-12-18,4960.4624935077245
2007-12-19,4966.931333861706
2007-12-20,5047.030155911057
2007-12-21,5126.208551884654
2007-12-24,5147.940622770756
2007-12-25,5147.940622770756
2007-12-26,5170.755336428982
2007-12-27,5117.402465543427
2007-12-28,5094.329262191573
2007-12-31,5080.262102292747
2008-01-01,5080.262102292747
2008-01-02,4996.6889523443115
2008-01-03,5009.951223491555
2008-01-04,4904.915733478879
2008-01-07,4872.509155836254
2008-01-08,4899.532328931422
2008-01-09,4840.0325366649
2008-01-10,4930.781854322577
2008-01-11,4951.545718501769
2008-01-14,4988.680958924792
2008-01-15,4849.93491091283
2008-01-16,4747.956438130625
2008-01-17,4623.233358074811
2008-01-18,4583.222047353934
2008-01-21,4302.916144362402
2008-01-22,4505.57921506686
2008-01-23,4487.364428694436
2008-01-24,4688.462440789136
2008-01-25,4690.601451935588
2008-01-28,4732.126896096551
2008-01-29,4831.572240497945
2008-01-30,4878.40250344352
2008-01-31,4899.463210860509
2008-02-01,4956.890948205298
2008-02-04,4977.513270868678
2008-02-05,4791.979640461255
2008-02-06,4774.058584783351
2008-02-07,4762.883077311788
2008-02-08,4820.5635987351825
2008-02-11,4873.898707501944
2008-02-12,4953.1445213715415
2008-02-13,4995.839780875275
2008-02-14,5002.749682139211
2008-02-15,4959.565458711879
2008-02-18,5029.5231031467165
2008-02-19,5025.23724749086
2008-02-20,5043.284452236648
2008-02-21,5066.3875359874555
2008-02-22,5075.439660657453
2008-02-25,5125.611621583808
2008-02-26,5171.956982757119
2008-02-27,5230.008377638329
2008-02-28,5252.549994552231
2008-02-29,5083.804867599382
2008-03-03,5100.187129688699
2008-03-04,5048.737591586461
2008-03-05,5133.466775481981
2008-03-06,5084.807034343282
2008-03-07,5030.79972976572
2008-03-10,4993.985928109251
2008-03-11,5150.680859983401
2008-03-12,5200.971040783092
2008-03-13,5220.831595345719
2008-03-14,5159.6092174070245
2008-03-17,5117.064293778227
2008-03-18,5204.375580497953
2008-03-19,5121.233960831561
2008-03-20,5071.203341628736
2008-03-21,5071.203341628736
2008-03-24,5106.096193790524
2008-03-25,5165.683974254142
2008-03-26,5184.538440528893
2008-03-27,5243.925473021907
2008-03-28,5243.427439832731
2008-03-31,5299.404131702644
2008-04-01,5406.706997909665
2008-04-02,5430.153182887144
2008-04-03,5452.610655263612
2008-04-04,5493.407855703765
2008-04-07,5530.3450177883815
2008-04-08,5512.04947575564
2008-04-09,5520.643923510574
2008-04-10,5512.281612423298
2008-04-11,5425.451367158459
2008-04-14,5437.077142927703
2008-04-15,5453.913883231519
2008-04-16,5513.001120077825
2008-04-17,5493.701016119208
2008-04-18,5539.035661647771
2008-04-21,5547.830551504469
2008-04-22,5500.821270170466
2008-04-23,5519.339058431295
2008-04-24,5501.016662755446
2008-04-25,5471.280453371883
2008-04-28,5443.9134108438475
2008-04-29,5343.982616737764
2008-04-30,5384.601838103153
2008-05-01,5384.875661920162
2008-05-02,5447.636862780329
2008-05-05,5452.438675204107
2008-05-06,5470.4811338874115
2008-05-07,5381.072738963938
2008-05-08,5370.351360537257
2008-05-09,5339.8600457548055
2008-05-12,5351.353963302187
2008-05-13,5376.581693354352
2008-05-14,5402.866004437295
2008-05-15,5437.309639532136
2008-05-16,5474.811536837032
2008-05-19,5551.320863389246
2008-05-20,5505.495562395406
2008-05-21,5494.76110375027
2008-05-22,5500.903894251274
2008-05-23,5463.397407257351
2008-05-26,5480.758157036368
2008-05-27,5485.21581202066
2008-05-28,5508.463674628377
2008-05-29,5557.188164886764
2008-05-30,5513.549522090718
2008-06-02,5477.738284042016
2008-06-03,5478.3651089825225
2008-06-04,5462.193257495173
2008-06-05,5531.213055989905
2008-06-06,5448.2911722104645
2008-06-09,5424.841082732862
2008-06-10,5364.379814890899
2008-06-11,5292.0781174949325
2008-06-12,5276.286093313365
2008-06-13,5291.195283067514
2008-06-16,5282.742216820562
2008-06-17,5292.790922948399
2008-06-18,5295.796762737188
2008-06-19,5301.642949326643
2008-06-20,5254.457186789111
2008-06-23,5208.653245597895
2008-06-24,5159.520058816872
2008-06-25,5199.951427559097
2008-06-26,5096.8929574920385
2008-06-27,5042.883642611176
2008-06-30,5037.43253592363
2008-07-01,4959.069886912837
2008-07-02,4899.6985829873265
2008-07-03,4849.780734238154
2008-07-04,4858.254384813784
2008-07-07,4894.320914383727
2008-07-08,4882.286187869336
2008-07-09,4895.101968452065
2008-07-10,4848.1194684255015
2008-07-11,4790.398697135151
2008-07-14,4842.169310707847
2008-07-15,4775.504229290412
2008-07-16,4834.669754206829
2008-07-17,4901.7567586035575
2008-07-18,4908.097930541513
2008-07-21,4919.507804655348
2008-07-22,4933.7185129833
2008-07-23,4968.035844882409
2008-07-24,4875.032540376613
2008-07-25,4928.357405590975
2008-07-28,4872.921932314303
2008-07-29,4925.717397326336
2008-07-30,4942.006291002584
2008-07-31,4960.3559691359205
2008-08-01,4929.271385035712
2008-08-04,4839.015088847411
2008-08-05,4880.290283894475
2008-08-06,4907.890271183301
2008-08-07,4871.840635751514
2008-08-08,4801.763903621826
2008-08-11,4733.279566719111
2008-08-12,4662.572055469217
2008-08-13,4655.7724910076995
2008-08-14,4711.362587435332
2008-08-15,4685.730444108533
2008-08-18,4662.16617149652
2008-08-19,4621.92356275921
2008-08-20,4670.996783584201
2008-08-21,4688.061070747504
2008-08-22,4726.444206642623
2008-08-25,4674.498283706365
2008-08-26,4631.527770696389
2008-08-27,4663.466379981574
2008-08-28,4698.630522636052
2008-08-29,4673.725247279054
2008-09-01,4664.032017874214
2008-09-02,4651.191924716376
2008-09-03,4614.54044538684
2008-09-04,4510.854365078282
2008-09-05,4440.4154662040955
2008-09-08,4484.760204580856
2008-09-09,4383.59648346985
2008-09-10,4380.249240276223
2008-09-11,4345.323690766288
2008-09-12,4439.849171626387
2008-09-15,4285.814412361649
2008-09-16,4206.75750215189
2008-09-17,3998.414678891466
2008-09-18,4030.2381925572477
2008-09-19,4262.2136725279715
2008-09-22,4307.426757836764
2008-09-23,4253.105618036133
2008-09-24,4203.978863591083
2008-09-25,4304.05985100361
2008-09-26,4286.745777971296
2008-09-29,3966.339190599164
2008-09-30,4115.649772413574
2008-10-01,4140.460074839874
2008-10-02,3940.4620993233693
2008-10-03,3864.153040596375
2008-10-06,3467.478326198074
2008-10-07,3277.629363889772
2008-10-08,3031.738542957327
2008-10-09,3028.46248916908
2008-10-10,2743.136351836697
2008-10-13,3102.4343455501225
2008-10-14,3247.6049360742886
2008-10-15,2976.8917629639363
2008-10-16,2879.349992383159
2008-10-17,2949.9382893505563
2008-10-20,3044.5414618114087
2008-10-21,2918.2088206417397
2008-10-22,2645.756937508943
2008-10-23,2586.6389397562048
2008-10-24,2447.325661636766
2008-10-27,2412.985212758287
2008-10-28,2530.7464855691296
2008-10-29,2676.781104866938
2008-10-30,2759.885559144724
2008-10-31,2812.0698996946385
2008-11-03,2877.0513340447565
2008-11-04,3066.618539769935
2008-11-05,3002.1914855577124
2008-11-06,2872.457293096187
2008-11-07,2922.1572480723044
2008-11-10,2979.065198743506
2008-11-11,2889.947958088896
2008-11-12,2732.96771557514
2008-11-13,2834.0670733977804
2008-11-14,2847.6216555940728
2008-11-17,2803.6026855281975
2008-11-18,2708.910604688455
2008-11-19,2649.4985166224783
2008-11-20,2528.307605784727
2008-11-21,2459.8060962977356
2008-11-24,2646.673096787173
2008-11-25,2661.130945850124
2008-11-26,2763.9004194325807
2008-11-27,2790.7067334102367
2008-11-28,2811.3908842065066
2008-12-01,2634.4461084926625
2008-12-02,2660.7177967928574
2008-12-03,2673.965128077618
2008-12-04,2675.4413117885692
2008-12-05,2672.5392648517873
2008-12-08,2769.04940184391
2008-12-09,2840.8096157639097
2008-12-10,2878.0604885038606
2008-12-11,2907.556784252562
2008-12-12,2906.365511042426
2008-12-15,2912.3129481576248
2008-12-16,3031.6921540698945
2008-12-17,3123.5627856949127
2008-12-18,3076.3136422728467
2008-12-19,3077.2584241018767
2008-12-22,3053.287187536466
2008-12-23,3070.8106802148923
2008-12-24,3068.4691202288336
2008-12-25,3068.4691202288336
2008-12-26,3071.175769195649
2008-12-29,3051.134059044801
2008-12-30,3026.737236054994
2008-12-31,3030.686728968854
2009-01-01,3030.686728968854
2009-01-02,3137.8745418607473
2009-01-05,3173.316459887305
2009-01-06,3238.3612978605674
2009-01-07,3135.767753170422
2009-01-08,3124.5565308077566
2009-01-09,3104.843792702569
2009-01-12,3033.1335794573215
2009-01-13,3012.6709735727773
2009-01-14,2886.2585713117646
2009-01-15,2872.3930361672133
2009-01-16,2945.4264947957727
2009-01-19,2934.9653986454377
2009-01-20,2835.0958028922973
2009-01-21,2840.7210827196363
2009-01-22,2847.019864945339
2009-01-23,2844.813983062214
2009-01-26,2892.8154178356995
2009-01-27,2885.5367446769205
2009-01-28,2948.7809119283797
2009-01-29,2885.457265446458
2009-01-30,2844.11083361618
2009-02-02,2809.609260779731
2009-02-03,2835.308256433199
2009-02-04,2840.163023346963
2009-02-05,2878.55042896843
2009-02-06,2973.562721479214
2009-02-09,3008.738721088774
2009-02-10,2907.0263688169625
2009-02-11,2858.738695466196
2009-02-12,2849.3334856913834
2009-02-13,2914.00184566667
2009-02-16,2912.655105233772
2009-02-17,2800.4427204920335
2009-02-18,2782.558073358757
2009-02-19,2774.551279765593
2009-02-20,2684.3472183807658
2009-02-23,2633.8203078079637
2009-02-24,2673.7545803065186
2009-02-25,2659.330917436131
2009-02-26,2668.849396452674
2009-02-27,2607.3888479882585
2009-03-02,2451.192300307327
2009-03-03,2448.2983674311463
2009-03-04,2537.064707254584
2009-03-05,2461.2045272585424
2009-03-06,2443.899815651723
2009-03-09,2414.0337414316614
2009-03-10,2521.591261342446
2009-03-11,2541.3369362380954
2009-03-12,2647.8743618983767
2009-03-13,2738.210806059807
2009-03-16,2812.6012611193346
2009-03-17,2822.2034637412253
2009-03-18,2850.1447963167425
2009-03-19,2883.390873624087
2009-03-20,2839.444766795212
2009-03-23,2945.4414436158877
2009-03-24,2942.5893299229047
2009-03-25,2958.6715548937314
2009-03-26,2992.2712039191247
2009-03-27,2968.4346152709236
2009-03-30,2839.0164762126337
2009-03-31,2892.250184390959
2009-04-01,2945.5702466697203
2009-04-02,3040.9486196429207
2009-04-03,3089.2807797961214
2009-04-06,3111.0678075074225
2009-04-07,3091.0319009161008
2009-04-08,3126.492092550785
2009-04-09,3164.47870028672
2009-04-10,3164.47870028672
2009-04-13,3307.679632340795
2009-04-14,3332.616304129753
2009-04-15,3314.1367948660154
2009-04-16,3391.6757693820623
2009-04-17,3370.0474962490644
2009-04-20,3263.24810547537
2009-04-21,3257.6962597814622
2009-04-22,3287.756922810948
2009-04-23,3299.4653304160584
2009-04-24,3381.697814951722
2009-04-27,3205.410720856254
2009-04-28,3175.4779905612622
2009-04-29,3272.4653767316777
2009-04-30,3237.2231935234277
2009-05-01,3231.7752987738645
2009-05-04,3445.5431484058354
2009-05-05,3524.6830980736895
2009-05-06,3609.1703401850555
2009-05-07,3635.2936480978306
2009-05-08,3739.1563446245286
2009-05-11,3725.4881434614895
2009-05-12,3694.3600381473443
2009-05-13,3583.165594821449
2009-05-14,3607.042797748159
2009-05-15,3643.1108038496823
2009-05-18,3741.3864575924617
2009-05-19,3821.3770541949243
2009-05-20,3859.239376724309
2009-05-21,3748.944241303431
2009-05-22,3769.9386901034936
2009-05-25,3808.517836031731
2009-05-26,3857.6292992191957
2009-05-27,3810.6192556919564
2009-05-28,3821.0025402163747
2009-05-29,3831.409320579207
2009-06-01,3967.6124928310965
2009-06-02,3991.4698579368423
2009-06-03,3911.2622801009607
2009-06-04,3953.817848469106
2009-06-05,3978.397020497216
2009-06-08,3938.246886400978
2009-06-09,3980.942627756632
2009-06-10,3985.8412885030643
2009-06-11,4052.6403716477025
2009-06-12,4073.9731416552268
2009-06-15,3995.0564647890646
2009-06-16,3952.9461471087693
2009-06-17,3878.6617149133363
2009-06-18,3948.956954454559
2009-06-19,3964.6472747788257
2009-06-22,3838.153107232842
2009-06-23,3831.994483028317
2009-06-24,3856.539150903778
2009-06-25,3918.6223907748176
2009-06-26,3970.1866019523354
2009-06-29,3971.741027810518
2009-06-30,3960.1900130603995
2009-07-01,4003.517720037151
2009-07-02,3941.4805122586035
2009-07-03,3948.1827926426126
2009-07-06,3900.71835837718
2009-07-07,3874.1692116012664
2009-07-08,3817.1426880135155
2009-07-09,3793.85055232359
2009-07-10,3773.4124760889013
2009-07-13,3826.276076336415
2009-07-14,3891.4887702667584
2009-07-15,4031.2131203854597
2009-07-16,4087.9209945065736
2009-07-17,4144.810250056185
2009-07-20,4237.516226620307
2009-07-21,4238.205753553203
2009-07-22,4248.814825620547
2009-07-23,4345.797573339074
2009-07-24,4303.897858941364
2009-07-27,4322.326970950989
2009-07-28,4272.9002196959555
2009-07-29,4228.768004681804
2009-07-30,4294.764916373385
2009-07-31,4319.880502586111
2009-08-03,4435.611834016376
2009-08-04,4462.498963471219
2009-08-05,4469.747971050421
2009-08-06,4478.39321448042
2009-08-07,4522.075681229578
2009-08-10,4508.906417851178
2009-08-11,4400.4490074022615
2009-08-12,4459.45626012271
2009-08-13,4536.353608694916
2009-08-14,4473.050005462409
2009-08-17,4359.554843283049
2009-08-18,4394.411833718712
2009-08-19,4408.61304242889
2009-08-20,4487.647784110737
2009-08-21,4547.064689956231
2009-08-24,4545.163537966825
2009-08-25,4533.0494845173625
2009-08-26,4484.83064614094
2009-08-27,4457.515253455275
2009-08-28,4474.513517983105
2009-08-31,4384.9839245490475
2009-09-01,4269.930423118002
2009-09-02,4278.826827010232
2009-09-03,4333.742672710418
2009-09-04,4409.92701752142
2009-09-07,4441.138436677255
2009-09-08,4534.616134532603
2009-09-09,4507.881764749921
2009-09-10,4518.073913626274
2009-09-11,4577.5483039546325
2009-09-14,4547.542472539894
2009-09-15,4601.81700652057
2009-09-16,4688.834226704079
2009-09-17,4740.0994013643785
2009-09-18,4762.5421628258355
2009-09-21,4706.843813712452
2009-09-22,4747.857998859302
2009-09-23,4724.387938708158
2009-09-24,4669.632702559637
2009-09-25,4669.496151502003
2009-09-28,4744.642183126821
2009-09-29,4748.915192558426
2009-09-30,4743.305764331421
2009-10-01,4665.603104604209
2009-10-02,4644.136890268496
2009-10-05,4730.2176564823185
2009-10-06,4840.265441903075
2009-10-07,4861.263663584052
2009-10-08,4901.014941201596
2009-10-09,4945.425226737899
2009-10-12,4997.715471230063
2009-10-13,5015.76192315766
2009-10-14,5048.396422365216
2009-10-15,5051.743899584698
2009-10-16,5028.336629358768
2009-10-19,5077.916787528465
2009-10-20,5091.564345576228
2009-10-21,5073.8998250402
2009-10-22,5069.558737729666
2009-10-23,5051.753992703849
2009-10-26,4958.4177265166145
2009-10-27,4830.379455879722
2009-10-28,4714.392845252244
2009-10-29,4832.221108688219
2009-10-30,4722.657850562824
2009-11-02,4738.594464623642
2009-11-03,4721.190750111614
2009-11-04,4827.156543759326
2009-11-05,4852.697493501338
2009-11-06,4857.7086269789015
2009-11-09,4996.589120607348
2009-11-10,5047.01757604455
2009-11-11,5069.635502615702
2009-11-12,5008.010146245646
2009-11-13,5054.753383899332
2009-11-16,5114.580121019941
2009-11-17,5108.327666540689
2009-11-18,5087.616517219021
2009-11-19,5015.936182095129
2009-11-20,5013.2368304829015
2009-11-23,5107.194694530993
2009-11-24,5113.96581456268
2009-11-25,5154.671898064026
2009-11-26,5036.246972135826
2009-11-27,5073.895620629335
2009-11-30,5103.627242468888
2009-12-01,5215.01006757263
2009-12-02,5287.420859023803
2009-12-03,5300.618493089186
2009-12-04,5330.975441975443
2009-12-07,5311.715096055371
2009-12-08,5227.260110093186
2009-12-09,5205.976613701531
2009-12-10,5255.938347934556
2009-12-11,5336.066180506608
2009-12-14,5383.022954804674
2009-12-15,5400.822849535457
2009-12-16,5421.448432042617
2009-12-17,5372.13799111179
2009-12-18,5335.797439209817
2009-12-21,5354.445604759866
2009-12-22,5335.080539739594
2009-12-23,5378.530694175586
2009-12-24,5408.604575554108
2009-12-25,5408.604575554108
2009-12-28,5403.065140887009
2009-12-29,5386.714311629056
2009-12-30,5377.937711160373
2009-12-31,5356.794304846214
2010-01-01,5356.794304846214
2010-01-04,5480.902004800762
2010-01-05,5520.329596543737
2010-01-06,5582.222902892801
2010-01-07,5646.300626148464
2010-01-08,5659.830467051903
2010-01-11,5675.618615764979
2010-01-12,5627.6159771952725
2010-01-13,5647.860607302648
2010-01-14,5682.020265139623
2010-01-15,5650.465308550105
2010-01-18,5691.487028993544
2010-01-19,5708.389795206282
2010-01-20,5642.725936589598
2010-01-21,5531.838939290796
2010-01-22,5428.700690650376
2010-01-25,5414.460136642844
2010-01-26,5401.582100715733
2010-01-27,5342.570205769988
2010-01-28,5306.695574625171
2010-01-29,5321.081034924543
2010-02-01,5322.764562722668
2010-02-02,5395.647111653753
2010-02-03,5380.013095183962
2010-02-04,5220.838065433714
2010-02-05,5166.4355403423415
2010-02-08,5178.8604114919635
2010-02-09,5231.466026832216
2010-02-10,5285.740452500813
2010-02-11,5311.658758603082
2010-02-12,5357.333764621057
2010-02-15,5366.850300366821
2010-02-16,5468.167276819571
2010-02-17,5494.221105957575
2010-02-18,5524.047394506853
2010-02-19,5524.747331220844
2010-02-22,5544.050979002759
2010-02-23,5501.047732450115
2010-02-24,5493.042457545038
2010-02-25,5448.21761290356
2010-02-26,5505.213126324686
2010-03-01,5530.514043570349
2010-03-02,5564.087789001305
2010-03-03,5587.189717179549
2010-03-04,5575.982849035904
2010-03-05,5664.525594415855
2010-03-08,5699.515955907055
2010-03-09,5674.524997209933
2010-03-10,5688.610357482121
2010-03-11,5679.120676660793
2010-03-12,5691.837180908885
2010-03-15,5677.4770486255375
2010-03-16,5690.655032203784
2010-03-17,5706.10431204894
2010-03-18,5713.847412135718
2010-03-19,5656.518379623533
2010-03-22,5650.722141991338
2010-03-23,5704.790045395298
2010-03-24,5668.259728940971
2010-03-25,5665.351497527067
2010-03-26,5636.8545868688325
2010-03-29,5691.522011856776
2010-03-30,5732.816272618126
2010-03-31,5772.011424891235
2010-04-01,5814.925594457766
2010-04-02,5814.925594457766
2010-04-05,5892.89456850635
2010-04-06,5912.105159394735
2010-04-07,5928.5771813416795
2010-04-08,5911.003929264845
2010-04-09,5960.9539706686965
2010-04-12,5956.1469443589485
2010-04-13,5935.013625677057
2010-04-14,5987.272382237148
2010-04-15,5950.74735859483
2010-04-16,5864.694231822687
2010-04-19,5811.322471339949
2010-04-20,5882.474212877487
2010-04-21,5882.700641844999
2010-04-22,5899.168201418393
2010-04-23,5929.488408817922
2010-04-26,5927.5278158638785
2010-04-27,5785.539573936617
2010-04-28,5749.523934162839
2010-04-29,5802.146993588503
2010-04-30,5817.394701732799
2010-05-03,5818.686673621261
2010-05-04,5670.685506998115
2010-05-05,5543.589735724886
2010-05-06,5431.960895707214
2010-05-07,5346.041492650802
2010-05-10,5636.123732594359
2010-05-11,5621.832010295086
2010-05-12,5717.245885694589
2010-05-13,5722.23576334975
2010-05-14,5596.134346959229
2010-05-17,5553.734668390312
2010-05-18,5505.764409391277
2010-05-19,5351.776765513245
2010-05-20,5204.770158008473
2010-05-21,5296.042724538817
2010-05-24,5324.914141403034
2010-05-25,5225.984253465186
2010-05-26,5419.580482438267
2010-05-27,5542.620203290489
2010-05-28,5535.817146807046
2010-05-31,5576.082947339027
2010-06-01,5477.060043165934
2010-06-02,5517.358904618474
2010-06-03,5541.880644406109
2010-06-04,5443.1261019774975
2010-06-07,5377.088933217424
2010-06-08,5412.107354363441
2010-06-09,5499.959430797356
2010-06-10,5632.725802728097
2010-06-11,5693.0478243862235
2010-06-14,5739.606550128981
2010-06-15,5807.525040511237
2010-06-16,5841.804529427742
2010-06-17,5854.225963022023
2010-06-18,5899.560828783445
2010-06-21,5923.652793613632
2010-06-22,5839.8021519562735
2010-06-23,5809.15533376775
2010-06-24,5734.7932842822875
2010-06-25,5797.315228578914
2010-06-28,5808.52099858513
2010-06-29,5615.619261296049
2010-06-30,5566.781817400609
2010-07-01,5526.868561773469
2010-07-02,5590.483755361885
2010-07-05,5574.13989912485
2010-07-06,5665.86195340345
2010-07-07,5728.283934205608
2010-07-08,5792.385878521917
2010-07-09,5820.775130893543
2010-07-12,5807.825867004997
2010-07-13,5901.186249115951
2010-07-14,5932.88906095899
2010-07-15,5960.612197062309
2010-07-16,5882.780719027678
2010-07-19,5864.269669493986
2010-07-20,5915.1473009570245
2010-07-21,6007.495538734622
2010-07-22,6096.890995687737
2010-07-23,6113.118132918014
2010-07-26,6180.81429168623
2010-07-27,6194.775413200315
2010-07-28,6153.427836915581
2010-07-29,6142.508730071491
2010-07-30,6155.932303057555
2010-08-02,6263.313126287262
2010-08-03,6246.836793688435
2010-08-04,6274.8064107345845
2010-08-05,6296.267494216216
2010-08-06,6269.473188599809
2010-08-09,6304.411436124882
2010-08-10,6277.149021332763
2010-08-11,6140.397450594099
2010-08-12,6167.918064383799
2010-08-13,6193.945184511182
2010-08-16,6255.004893490364
2010-08-17,6326.6174252045275
2010-08-18,6370.445299655159
2010-08-19,6317.144575158048
2010-08-20,6282.787245192999
2010-08-23,6307.865276429254
2010-08-24,6199.621575083867
2010-08-25,6171.652271022996
2010-08-26,6229.769495045541
2010-08-27,6299.352569120494
2010-08-30,6258.53572009015
2010-08-31,6287.120673236777
2010-09-01,6463.699018297173
2010-09-02,6477.642957215088
2010-09-03,6543.697087515242
2010-09-06,6573.504490196269
2010-09-07,6490.42896802073
2010-09-08,6549.228268693436
2010-09-09,6591.082919680906
2010-09-10,6601.938558706495
2010-09-13,6697.414385712649
2010-09-14,6751.752774480913
2010-09-15,6757.084174656437
2010-09-16,6728.500322098066
2010-09-17,6720.083067697734
2010-09-20,6766.83665879786
2010-09-21,6754.81375530948
2010-09-22,6748.976531911491
2010-09-23,6714.7388527921785
2010-09-24,6788.7697729160645
2010-09-27,6818.743307790492
2010-09-28,6882.802499420908
2010-09-29,6873.034335837788
2010-09-30,6889.091225501944
2010-10-01,6934.030162387091
2010-10-04,6911.647023019252
2010-10-05,6992.6928047002975
2010-10-06,7026.095358156798
2010-10-07,6981.895915857497
2010-10-08,7015.33768835449
2010-10-11,7042.198785167611
2010-10-12,7036.933690144383
2010-10-13,7185.297053303282
2010-10-14,7152.076262856857
2010-10-15,7102.961740766875
2010-10-18,7122.010696341915
2010-10-19,7037.378186740458
2010-10-20,7113.508024960166
2010-10-21,7122.988956818119
2010-10-22,7136.8459538113275
2010-10-25,7163.958255548304
2010-10-26,7127.806454382094
2010-10-27,7099.324212974571
2010-10-28,7153.529755219914
2010-10-29,7257.902035014899
2010-11-01,7256.5218345839785
2010-11-02,7325.25433466852
2010-11-03,7335.779698541173
2010-11-04,7449.120649502332
2010-11-05,7474.380847354066
2010-11-08,7503.183916067198
2010-11-09,7506.540500113072
2010-11-10,7465.605573355462
2010-11-11,7428.103896103571
2010-11-12,7338.799812343365
2010-11-15,7294.482172120287
2010-11-16,7137.643467533395
2010-11-17,7217.2503884790885
2010-11-18,7342.81045652373
2010-11-19,7367.47533645274
2010-11-22,7405.760670073167
2010-11-23,7267.356171458237
2010-11-24,7389.415061346603
2010-11-25,7383.146229053023
2010-11-26,7299.961208204421
2010-11-29,7270.592797797162
2010-11-30,7261.995113095264
2010-12-01,7332.901854969347
2010-12-02,7413.7796035297915
2010-12-03,7468.727945817768
2010-12-06,7504.5862471094015
2010-12-07,7533.873359157514
2010-12-08,7489.225288369405
2010-12-09,7456.7227489826655
2010-12-10,7449.592073406212
2010-12-13,7526.582907763939
2010-12-14,7529.247512489996
2010-12-15,7499.6861945699075
2010-12-16,7500.640093677034
2010-12-17,7523.39969342081
2010-12-20,7541.8673587616
2010-12-21,7578.425359593814
2010-12-22,7550.2716882527575
2010-12-23,7564.197423763949
2010-12-24,7552.584893841524
2010-12-27,7531.41745819547
2010-12-28,7466.7363898078565
2010-12-29,7552.508583924413
2010-12-30,7572.647270316239
2010-12-31,7619.760044771093
2011-01-03,7659.589004085736
2011-01-04,7575.130196545057
2011-01-05,7569.78325515531
2011-01-06,7517.034334201489
2011-01-07,7488.059988547203
2011-01-10,7394.550985797933
2011-01-11,7371.95460154996
2011-01-12,7480.900928610537
2011-01-13,7524.858529351828
2011-01-14,7514.012223642381
2011-01-17,7543.0030139550445
2011-01-18,7541.978200591149
2011-01-19,7478.341341002481
2011-01-20,7372.752223212067
2011-01-21,7385.6899299283
2011-01-24,7410.397033231736
2011-01-25,7382.5854927727005
2011-01-26,7434.151361743569
2011-01-27,7434.267683040427
2011-01-28,7291.9149302602345
2011-01-31,7279.268282795784
2011-02-01,7440.290250776394
2011-02-02,7412.834995925688
2011-02-03,7337.906572734954
2011-02-04,7330.307175020589
2011-02-07,7327.720307414862
2011-02-08,7327.024734808163
2011-02-09,7186.033569369779
2011-02-10,7156.803673698493
2011-02-11,7276.273853729611
2011-02-14,7306.6009230036125
2011-02-15,7245.841822059353
2011-02-16,7230.95795720484
2011-02-17,7224.357349053938
2011-02-18,7239.263177469493
2011-02-21,7206.066493376934
2011-02-22,7107.402676617313
2011-02-23,7011.360647243313
2011-02-24,7013.9567317467945
2011-02-25,7116.164762226515
2011-02-28,7190.977808493245
2011-03-01,7158.489337289557
2011-03-02,7185.018319565967
2011-03-03,7307.368032470094
2011-03-04,7313.290550922541
2011-03-07,7266.142482983475
2011-03-08,7252.817351970257
2011-03-09,7236.031805535578
2011-03-10,7099.35204956205
2011-03-11,7116.715583346589
2011-03-14,7136.443114278588
2011-03-15,7080.489846432694
2011-03-16,6985.819527273504
2011-03-17,7048.9628914588675
2011-03-18,7091.096612581721
2011-03-21,7176.255639788983
2011-03-22,7247.138922892977
2011-03-23,7322.990127016013
2011-03-24,7411.605200448571
2011-03-25,7383.1796397964135
2011-03-28,7353.260931409352
2011-03-29,7303.577865567796
2011-03-30,7389.776098267483
2011-03-31,7461.458484771103
2011-04-01,7562.882294198655
2011-04-04,7610.402403671458
2011-04-05,7645.509668363326
2011-04-06,7681.210604293365
2011-04-07,7629.4004932213065
2011-04-08,7663.135969723436
2011-04-11,7666.361403053595
2011-04-12,7530.227560045402
2011-04-13,7571.547218589916
2011-04-14,7552.439841520259
2011-04-15,7598.806600000454
2011-04-18,7461.964018843023
2011-04-19,7558.198790587008
2011-04-20,7680.92174550284
2011-04-21,7729.026520981866
2011-04-22,7729.026520981866
2011-04-25,7722.559315731482
2011-04-26,7747.197728795679
2011-04-27,7748.073086759885
2011-04-28,7800.653304518502
2011-04-29,7872.25089015037
2011-05-02,7832.161594520311
2011-05-03,7709.507419556509
2011-05-04,7677.3219184590935
2011-05-05,7595.681428222927
2011-05-06,7679.056619391347
2011-05-09,7680.062867208541
2011-05-10,7747.528173952033
2011-05-11,7705.17859683919
2011-05-12,7655.557507409262
2011-05-13,7639.37544158378
2011-05-16,7643.15648038786
2011-05-17,7565.533785606501
2011-05-18,7650.636732958116
2011-05-19,7655.375774279194
2011-05-20,7651.492110580904
2011-05-23,7585.929928674993
2011-05-24,7618.919018871356
2011-05-25,7631.080120380186
2011-05-26,7692.438902398078
2011-05-27,7772.653978323593
2011-05-30,7750.971686864419
2011-05-31,7824.184039871925
2011-06-01,7755.877850519455
2011-06-02,7800.00595469628
2011-06-03,7782.596782862514
2011-06-06,7648.4429086965065
2011-06-07,7697.541667492371
2011-06-08,7684.052782187508
2011-06-09,7703.316142463505
2011-06-10,7642.571784587014
2011-06-13,7599.661234243904
2011-06-14,7666.7973775295495
2011-06-15,7575.0372952507705
2011-06-16,7468.069416704493
2011-06-17,7512.470882954684
2011-06-20,7509.7347967683545
2011-06-21,7610.7287183922945
2011-06-22,7635.498467201534
2011-06-23,7548.282932444105
2011-06-24,7563.8526242136395
2011-06-27,7575.275973775502
2011-06-28,7681.849917403855
2011-06-29,7771.824554503543
2011-06-30,7816.97977234936
2011-07-01,7903.205302888125
2011-07-04,7913.127820019164
2011-07-05,7912.912717431486
2011-07-06,7863.2284536881525
2011-07-07,7932.236376448624
2011-07-08,7903.324894178472
2011-07-11,7777.100837945252
2011-07-12,7710.152616567996
2011-07-13,7796.573514592518
2011-07-14,7752.091045780523
2011-07-15,7773.77521025656
2011-07-18,7675.1770391321115
2011-07-19,7775.297599741226
2011-07-20,7711.450859623742
2011-07-21,7787.938113601436
2011-07-22,7793.499443906016
2011-07-25,7771.222263353226
2011-07-26,7752.669825861485
2011-07-27,7703.213450798189
2011-07-28,7769.708285593571
2011-07-29,7724.290563656876
2011-08-01,7740.026689738827
2011-08-02,7596.206514305785
2011-08-03,7452.951259942593
2011-08-04,7171.331214890198
2011-08-05,7121.290236222988
2011-08-08,6618.911673943172
2011-08-09,6806.450006705958
2011-08-10,6880.729992453681
2011-08-11,7041.074328878727
2011-08-12,7107.985688701498
2011-08-15,7176.362402718786
2011-08-16,7160.917326446117
2011-08-17,7243.865845168905
2011-08-18,7055.887396323435
2011-08-19,7080.39502837082
2011-08-22,7095.699934623569
2011-08-23,7243.884676986206
2011-08-24,7244.899668929917
2011-08-25,7131.119249878973
2011-08-26,7123.622921796543
2011-08-29,7332.043516522751
2011-08-30,7365.5740275224
2011-08-31,7477.527321987396
2011-09-01,7545.931067721266
2011-09-02,7443.101458464628
2011-09-05,7207.431022193543
2011-09-06,7238.330429192841
2011-09-07,7412.718010096521
2011-09-08,7378.2915386070845
2011-09-09,7170.704119849224
2011-09-12,7019.225354971723
2011-09-13,7016.545048151667
2011-09-14,7018.474750216593
2011-09-15,7089.47463586959
2011-09-16,7070.275704522909
2011-09-19,6998.705370829787
2011-09-20,6932.6133217809565
2011-09-21,6722.8904823967505
2011-09-22,6240.874829494479
2011-09-23,6218.36735415367
2011-09-26,6345.148797218235
2011-09-27,6580.465061943219
2011-09-28,6481.979602872046
2011-09-29,6449.802831838023
2011-09-30,6320.202478258026
2011-10-03,6133.808152127875
2011-10-04,5999.317701150469
2011-10-05,6157.628029951409
2011-10-06,6360.10581647268
2011-10-07,6440.869127875141
2011-10-10,6481.299538620879
2011-10-11,6557.2730436903585
2011-10-12,6735.039979608576
2011-10-13,6683.406775706912
2011-10-14,6770.874888989228
2011-10-17,6696.0767515749785
2011-10-18,6736.13288982392
2011-10-19,6736.239734650338
2011-10-20,6624.620209308937
2011-10-21,6715.903457751715
2011-10-24,6846.568532616923
2011-10-25,6845.742637527422
2011-10-26,6900.505145908951
2011-10-27,7187.2874516727925
2011-10-28,7211.755525753128
2011-10-31,7119.855003651929
2011-11-01,6938.033283167439
2011-11-02,6915.350476112215
2011-11-03,7025.948328221961
2011-11-04,7000.047462981852
2011-11-07,7056.057666178475
2011-11-08,7135.40701148175
2011-11-09,6950.9035257554
2011-11-10,6937.795311040758
2011-11-11,7122.938239183069
2011-11-14,7006.90224213625
2011-11-15,7002.891875477125
2011-11-16,6961.353387527329
2011-11-17,6849.223382138907
2011-11-18,6815.699194711035
2011-11-21,6659.769971564872
2011-11-22,6593.016478935972
2011-11-23,6383.827202619625
2011-11-24,6388.2506901301595
2011-11-25,6247.82905355734
2011-11-28,6462.294726427324
2011-11-29,6479.88434713428
2011-11-30,6783.878535108994
2011-12-01,6764.527716975846
2011-12-02,6813.361117927195
2011-12-05,6826.325389530855
2011-12-06,6805.823373315199
2011-12-07,6886.878799074407
2011-12-08,6837.280059714475
2011-12-09,6903.848155880136
2011-12-12,6832.1826466946
2011-12-13,6766.18672817489
2011-12-14,6623.596336070933
2011-12-15,6663.465838049336
2011-12-16,6709.514689177495
2011-12-19,6652.963219833605
2011-12-20,6776.584281651795
2011-12-21,6770.254821843875
2011-12-22,6846.2655580155915
2011-12-23,6855.887854219729
2011-12-26,6853.362642759917
2011-12-27,6808.162801514042
2011-12-28,6736.08150121665
2011-12-29,6789.961567089968
2011-12-30,6787.034625684249
2012-01-02,6792.62233880008
2012-01-03,6931.168548396418
2012-01-04,6975.612913157187
2012-01-05,6974.466822136657
2012-01-06,6952.078910499336
2012-01-09,6951.431956651553
2012-01-10,7053.854399579855
2012-01-11,7053.439044070829
2012-01-12,7096.51233765435
2012-01-13,7029.921484747406
2012-01-16,7090.139439536648
2012-01-17,7131.409291717824
2012-01-18,7277.590124321384
2012-01-19,7321.273136607739
2012-01-20,7298.204351351955
2012-01-23,7335.501692867355
2012-01-24,7273.096740593119
2012-01-25,7291.025962326951
2012-01-26,7392.457250411244
2012-01-27,7390.641764727829
2012-01-30,7351.098423348032
2012-01-31,7411.490253567126
2012-02-01,7524.69879400645
2012-02-02,7620.904324146645
2012-02-03,7710.326176756872
2012-02-06,7711.735912125476
2012-02-07,7715.005958627169
2012-02-08,7713.622683388045
2012-02-09,7748.273372766125
2012-02-10,7730.120290769093
2012-02-13,7766.187387051037
2012-02-14,7657.851507033891
2012-02-15,7681.678206182242
2012-02-16,7693.3652120070055
2012-02-17,7750.731113417995
2012-02-20,7818.66621170194
2012-02-21,7760.24989514695
2012-02-22,7717.087001467538
2012-02-23,7717.785023940241
2012-02-24,7714.702229842867
2012-02-27,7678.807842305715
2012-02-28,7703.935837761167
2012-02-29,7709.288052617106
2012-03-01,7730.782878979468
2012-03-02,7738.626241673887
2012-03-05,7694.129291804359
2012-03-06,7513.188739118827
2012-03-07,7543.92233223007
2012-03-08,7695.829171420919
2012-03-09,7756.214300282225
2012-03-12,7716.659362487597
2012-03-13,7786.854172349057
2012-03-14,7758.681845742088
2012-03-15,7786.080534356055
2012-03-16,7750.216715428804
2012-03-19,7793.235175618366
2012-03-20,7762.950659367945
2012-03-21,7799.228884180981
2012-03-22,7714.586716293178
2012-03-23,7759.197674712434
2012-03-26,7895.139138105008
2012-03-27,7925.125793583304
2012-03-28,7854.502785418658
2012-03-29,7826.774178524009
2012-03-30,7898.113565343668
2012-04-02,7987.680438636212
2012-04-03,8018.473986348476
2012-04-04,7912.704786155646
2012-04-05,7921.037582637508
2012-04-06,7921.037582637508
2012-04-09,7831.148080392831
2012-04-10,7719.3519315012645
2012-04-11,7751.714626796636
2012-04-12,7800.6283655054485
2012-04-13,7735.446519373259
2012-04-16,7716.203954190498
2012-04-17,7796.62633479187
2012-04-18,7771.448846949542
2012-04-19,7757.47603389657
2012-04-20,7833.053964351816
2012-04-23,7737.93695531279
2012-04-24,7785.21549621776
2012-04-25,7804.053407962575
2012-04-26,7795.355077501787
2012-04-27,7882.370328885578
2012-04-30,7899.475753524093
2012-05-01,7925.226954268969
2012-05-02,7929.277657506084
2012-05-03,7896.2667707987775
2012-05-04,7871.920572323515
2012-05-07,7873.500340239647
2012-05-08,7800.877503737787
2012-05-09,7683.1663400864045
2012-05-10,7712.507214712841
2012-05-11,7638.570456444206
2012-05-14,7455.080169918704
2012-05-15,7304.451069619234
2012-05-16,7225.06274410612
2012-05-17,7165.340687387004
2012-05-18,7125.527748270756
2012-05-21,7154.577304841482
2012-05-22,7187.493255995624
2012-05-23,7032.778602076387
2012-05-24,7094.36721954691
2012-05-25,7077.526762836611
2012-05-28,7122.828671250786
2012-05-29,7169.422249968914
2012-05-30,7083.794505258903
2012-05-31,7092.156568468927
2012-06-01,6980.846871512366
2012-06-04,6990.219921477238
2012-06-05,7012.291125771336
2012-06-06,7121.9346683850745
2012-06-07,7220.413036082496
2012-06-08,7249.9645266457455
2012-06-11,7199.642684872879
2012-06-12,7148.816336782587
2012-06-13,7154.5440404457395
2012-06-14,7207.445158450792
2012-06-15,7246.636320715891
2012-06-18,7291.798489710179
2012-06-19,7437.140310090807
2012-06-20,7489.6553532956
2012-06-21,7371.361612569992
2012-06-22,7345.835838876841
2012-06-25,7261.619448277322
2012-06-26,7298.471129263674
2012-06-27,7434.121869816428
2012-06-28,7399.4600926542325
2012-06-29,7635.871552125799
2012-07-02,7645.942584085356
2012-07-03,7772.513802629288
2012-07-04,7751.754951075151
2012-07-05,7756.725779751283
2012-07-06,7679.010554800536
2012-07-09,7663.251532561391
2012-07-10,7704.425929362156
2012-07-11,7712.597829548254
2012-07-12,7631.243036962327
2012-07-13,7732.501963780328
2012-07-16,7776.4606601368405
2012-07-17,7818.037399472723
2012-07-18,7839.474572499311
2012-07-19,7832.6947180983325
2012-07-20,7801.505803676407
2012-07-23,7658.096201562071
2012-07-24,7596.123499358854
2012-07-25,7538.4435843978845
2012-07-26,7651.436366024201
2012-07-27,7780.536098162048
2012-07-30,7781.825168059442
2012-07-31,7710.4370612223565
2012-08-01,7648.976924100922
2012-08-02,7578.0029649826465
2012-08-03,7725.8625210651135
2012-08-06,7764.273057534114
2012-08-07,7719.1400403202415
2012-08-08,7694.733935965739
2012-08-09,7729.65246261582
2012-08-10,7746.606964403537
2012-08-13,7656.59871562044
2012-08-14,7680.285119519
2012-08-15,7686.202742693216
2012-08-16,7709.435450685365
2012-08-17,7702.14763658302
2012-08-20,7707.2457646002595
2012-08-21,7715.062874817285
2012-08-22,7679.250515632854
2012-08-23,7707.5374040422
2012-08-24,7677.094063475512
2012-08-27,7645.268226334073
2012-08-28,7645.581034084217
2012-08-29,7606.882555963884
2012-08-30,7551.025202437374
2012-08-31,7588.0960038351195
2012-09-03,7609.32610833694
2012-09-04,7582.575205263152
2012-09-05,7597.206639973934
2012-09-06,7733.828624800218
2012-09-07,7822.924061841572
2012-09-10,7823.648265914217
2012-09-11,7847.003474674793
2012-09-12,7850.721077625301
2012-09-13,7941.113674982602
2012-09-14,8066.158223585421
2012-09-17,8037.212166191374
2012-09-18,8002.891572980089
2012-09-19,8067.1699851170215
2012-09-20,8017.082372827716
2012-09-21,8033.483331747244
2012-09-24,7990.740087012108
2012-09-25,8011.376537918142
2012-09-26,7975.947563295418
2012-09-27,8049.970103571986
2012-09-28,8051.485931093318
2012-10-01,8098.7333580795785
2012-10-02,8121.6572169407655
2012-10-03,8102.5652042797465
2012-10-04,8188.914716048328
2012-10-05,8236.011893688667
2012-10-08,8169.057741523628
2012-10-09,8120.577783031913
2012-10-10,8079.717302153639
2012-10-11,8145.426110186393
2012-10-12,8128.592812636775
2012-10-15,8188.94890467289
2012-10-16,8296.43854578667
2012-10-17,8359.816020362916
2012-10-18,8367.034849878592
2012-10-19,8302.346819747147
2012-10-22,8290.710733904918
2012-10-23,8169.723600357281
2012-10-24,8185.643164401879
2012-10-25,8242.6542134105
2012-10-26,8225.766172389167
2012-10-29,8209.758032019396
2012-10-30,8194.86014380791
2012-10-31,8158.892379587483
2012-11-01,8177.042009257
2012-11-02,8178.741429147267
2012-11-05,8162.070607194248
2012-11-06,8186.474335514914
2012-11-07,8080.890513806158
2012-11-08,8120.216427477901
2012-11-09,8088.342564571978
2012-11-12,8085.745805078491
2012-11-13,8058.307249921816
2012-11-14,7988.813803609638
2012-11-15,7945.848906140839
2012-11-16,7971.584777474112
2012-11-19,8068.13491898547
2012-11-20,8131.46448505758
2012-11-21,8160.661672953021
2012-11-22,8179.971325661286
2012-11-23,8168.0460498623725
2012-11-26,8145.2767597474585
2012-11-27,8147.143742274794
2012-11-28,8147.714850416826
2012-11-29,8237.812575153346
2012-11-30,8252.751560436272
2012-12-03,8303.78462502569
2012-12-04,8304.079734622383
2012-12-05,8371.640311523857
2012-12-06,8436.74221335011
2012-12-07,8476.723561257737
2012-12-10,8521.776879903236
2012-12-11,8624.443681861932
2012-12-12,8658.88513167145
2012-12-13,8613.962324382064
2012-12-14,8625.17160438496
2012-12-17,8671.019034702413
2012-12-18,8754.492762983984
2012-12-19,8783.009700155173
2012-12-20,8755.181023982543
2012-12-21,8687.50206038101
2012-12-24,8669.961476413864
2012-12-25,8669.961476413864
2012-12-26,8665.633191701103
2012-12-27,8657.252926302113
2012-12-28,8699.618670501704
2012-12-31,8721.735300193091
2013-01-01,8721.735300193091
2013-01-02,8923.682744677186
2013-01-03,8931.303938682291
2013-01-04,8959.329347054212
2013-01-07,8953.071384694058
2013-01-08,8915.981450502673
2013-01-09,8998.145560239318
2013-01-10,9052.891425733394
2013-01-11,9033.23073218911
2013-01-14,9046.839467477324
2013-01-15,8997.135249104123
2013-01-16,9052.921611198895
2013-01-17,9099.386757824546
2013-01-18,9129.4019055482
2013-01-21,9107.761151160914
2013-01-22,9130.699969260093
2013-01-23,9119.967511706483
2013-01-24,9112.547404130572
2013-01-25,9093.091676981487
2013-01-28,9077.29816252147
2013-01-29,9122.339445842483
2013-01-30,9108.765198433854
2013-01-31,9089.993376310706
2013-02-01,9160.672804846656
2013-02-04,9110.525057072204
2013-02-05,9140.765526179008
2013-02-06,9120.469324327709
2013-02-07,9038.73542158846
2013-02-08,9033.629588126443
2013-02-11,9007.066477570175
2013-02-12,9008.70870147879
2013-02-13,9055.078962372907
2013-02-14,9041.737336122927
2013-02-15,9023.47622302309
2013-02-18,9008.304444097397
2013-02-19,9032.920632703532
2013-02-20,8961.560090941017
2013-02-21,8916.20708630732
2013-02-22,8946.443209240402
2013-02-25,8935.284264192775
2013-02-26,8865.030024659378
2013-02-27,8939.159487857794
2013-02-28,9008.284896571626
2013-03-01,9002.398192315319
2013-03-04,8987.96634021822
2013-03-05,9016.11868664422
2013-03-06,9014.928771739762
2013-03-07,8968.665131816064
2013-03-08,9065.464150219208
2013-03-11,9081.95266284898
2013-03-12,9115.110620293219
2013-03-13,9078.348852982188
2013-03-14,9034.359541999776
2013-03-15,8963.040487122336
2013-03-18,8927.088911305314
2013-03-19,8855.687371413274
2013-03-20,8942.644792389778
2013-03-21,8923.500839227465
2013-03-22,8915.130327057152
2013-03-25,8908.01871909785
2013-03-26,9029.428087305723
2013-03-27,9069.861016959925
2013-03-28,9104.101986018315
2013-03-29,9104.101986018315
2013-04-01,9079.935588427592
2013-04-02,9117.002298039484
2013-04-03,9046.350876074688
2013-04-04,9018.603288764234
2013-04-05,8967.6594092903
2013-04-08,9040.836574477393
2013-04-09,9137.530717181824
2013-04-10,9172.011745174052
2013-04-11,9176.91433308739
2013-04-12,9071.778812047412
2013-04-15,8803.35962237244
2013-04-16,8866.260701708243
2013-04-17,8767.09855582496
2013-04-18,8796.862028032709
2013-04-19,8878.77954613792
2013-04-22,8808.71426746493
2013-04-23,8864.057426314263
2013-04-24,8815.379601842287
2013-04-25,8934.840303838717
2013-04-26,8817.663660670662
2013-04-29,8851.126251117152
2013-04-30,8850.16280106513
2013-05-01,8833.094759279535
2013-05-02,8833.020866245079
2013-05-03,8913.977227528601
2013-05-06,8856.54716044787
2013-05-07,8930.53015655084
2013-05-08,8914.236202923217
2013-05-09,8864.355892375961
2013-05-10,8773.961853237995
2013-05-13,8711.203387484735
2013-05-14,8739.242122598022
2013-05-15,8700.167056780185
2013-05-16,8671.06003655034
2013-05-17,8654.229061506567
2013-05-20,8512.660072149616
2013-05-21,8466.205324108514
2013-05-22,8494.133953226738
2013-05-23,8413.151587238151
2013-05-24,8390.448040268313
2013-05-27,8329.604630757465
2013-05-28,8335.904206238967
2013-05-29,8286.430503738053
2013-05-30,8277.916180344857
2013-05-31,8251.975185398775
2013-06-03,8164.625916120536
2013-06-04,8242.642790699809
2013-06-05,8116.242560138035
2013-06-06,8092.554682344527
2013-06-07,8094.399442725318
2013-06-10,8027.596133757685
2013-06-11,7913.791643632647
2013-06-12,7843.207262066262
2013-06-13,7914.297106377209
2013-06-14,7968.675491972196
2013-06-17,7964.264919499343
2013-06-18,7853.297161165572
2013-06-19,7779.45719171753
2013-06-20,7310.7114431811615
2013-06-21,7349.230256394171
2013-06-24,7259.962813586912
2013-06-25,7348.471102016611
2013-06-26,7508.02140736367
2013-06-27,7652.392112358183
2013-06-28,7829.926244905247
2013-07-01,7905.138851123625
2013-07-02,7825.285496340799
2013-07-03,7783.592992539972
2013-07-04,7883.710998695131
2013-07-05,7704.309866721674
2013-07-08,7703.69606812579
2013-07-09,7666.575373849113
2013-07-10,7597.216036846074
2013-07-11,7697.51087566427
2013-07-12,7735.3230042003
2013-07-15,7865.716043500259
2013-07-16,7886.59579262925
2013-07-17,8020.4114743035525
2013-07-18,8049.1032211501115
2013-07-19,7922.070315581815
2013-07-22,7925.153852024578
2013-07-23,8049.1121163425705
2013-07-24,8033.111494886668
2013-07-25,8029.445033752997
2013-07-26,7966.119771293588
2013-07-29,7893.63032221136
2013-07-30,7807.612176261734
2013-07-31,7795.160248290758
2013-08-01,7979.673204646875
2013-08-02,8069.899839701231
2013-08-05,8048.014103885081
2013-08-06,7982.211258869695
2013-08-07,7967.240018755625
2013-08-08,8104.159390165692
2013-08-09,8192.263768140832
2013-08-12,8177.232038159093
2013-08-13,8111.739723512568
2013-08-14,8157.202082701879
2013-08-15,8046.97771452086
2013-08-16,7992.518416889865
2013-08-19,7860.754949347442
2013-08-20,7846.950788694565
2013-08-21,7740.250274578993
2013-08-22,7713.14563094858
2013-08-23,7805.898717847994
2013-08-26,7687.6670396599075
2013-08-27,7459.5395579387105
2013-08-28,7430.241646694435
2013-08-29,7415.036859216852
2013-08-30,7543.010587676286
2013-09-02,7605.797788334106
2013-09-03,7514.764153821639
2013-09-04,7625.184152652166
2013-09-05,7633.873461597587
2013-09-06,7753.933456815116
2013-09-09,7952.889699857496
2013-09-10,8047.270837648947
2013-09-11,8078.482500069223
2013-09-12,7944.680887048822
2013-09-13,7928.630360272101
2013-09-16,7999.749934730418
2013-09-17,7998.3508632446255
2013-09-18,8069.1657882777545
2013-09-19,8160.003336308099
2013-09-20,8060.686400462765
2013-09-23,8220.79117353142
2013-09-24,8135.709906301558
2013-09-25,8127.428022027814
2013-09-26,8067.125928133106
2013-09-27,7969.536263894564
2013-09-30,7858.6604118678015
2013-10-01,8004.416896636968
2013-10-02,7992.147026428538
2013-10-03,7922.908315709097
2013-10-04,7957.309861963585
2013-10-07,7940.935934697697
2013-10-08,7891.301224043712
2013-10-09,7821.795240568104
2013-10-10,7969.789167267053
2013-10-11,8028.448234244216
2013-10-14,8035.136053570342
2013-10-15,8005.39886237284
2013-10-16,8055.8264594621605
2013-10-17,8069.976356333731
2013-10-18,8099.296138273298
2013-10-21,8037.568773394702
2013-10-22,8144.230439287805
2013-10-23,8082.777883435985
2013-10-24,8027.991207798162
2013-10-25,8071.748598097004
2013-10-28,8105.104550725079
2013-10-29,8068.808920190326
2013-10-30,8082.537593559526
2013-10-31,8008.111560553676
2013-11-01,7981.167146574852
2013-11-04,8014.566933036526
2013-11-05,7874.234557652123
2013-11-06,7863.244663775478
2013-11-07,7779.335200696796
2013-11-08,7638.044222282025
2013-11-11,7592.871469916306
2013-11-12,7552.917124965754
2013-11-13,7560.760776432597
2013-11-14,7664.763141505477
2013-11-15,7768.927572068447
2013-11-18,7836.606089307545
2013-11-19,7757.802548538432
2013-11-20,7674.842482985175
2013-11-21,7601.477239397321
2013-11-22,7666.531507128811
2013-11-25,7614.186092678277
2013-11-26,7565.038486853131
2013-11-27,7645.473037536683
2013-11-28,7688.087277803776
2013-11-29,7759.06717549986
2013-12-02,7648.596872854636
2013-12-03,7580.302320638264
2013-12-04,7601.040902506831
2013-12-05,7677.4247681475845
2013-12-06,7685.506534876104
2013-12-09,7750.202896581709
2013-12-10,7779.828448714255
2013-12-11,7705.171106247255
2013-12-12,7663.15198813638
2013-12-13,7651.925534123228
2013-12-16,7702.111114543538
2013-12-17,7664.424982779142
2013-12-18,7653.2533980306225
2013-12-19,7685.904292255134
2013-12-20,7709.784432574698
2013-12-23,7723.388602645767
2013-12-24,7737.071628072486
2013-12-25,7737.071628072486
2013-12-26,7724.524439847799
2013-12-27,7782.135444279661
2013-12-30,7804.152368246959
2013-12-31,7783.613428188018
2014-01-01,7783.613428188018
2014-01-02,7733.475197423099
2014-01-03,7685.726994420081
2014-01-06,7603.285664591816
2014-01-07,7629.412366762115
2014-01-08,7597.073589554189
2014-01-09,7524.4898966935425
2014-01-10,7639.072760802816
2014-01-13,7630.954467531283
2014-01-14,7622.283130325598
2014-01-15,7601.059907490509
2014-01-16,7537.062199798739
2014-01-17,7515.043484317118
2014-01-20,7500.739568773416
2014-01-21,7435.051903639037
2014-01-22,7487.396847888907
2014-01-23,7358.476576391522
2014-01-24,7193.823190439093
2014-01-27,7130.588055696941
2014-01-28,7104.552794728924
2014-01-29,7030.585974274674
2014-01-30,7071.560607706017
2014-01-31,7038.433027458472
2014-02-03,6944.4698654025415
2014-02-04,6884.968590823119
2014-02-05,6898.194392009149
2014-02-06,7019.509723479716
2014-02-07,7033.463806933355
2014-02-10,7040.358480544277
2014-02-11,7152.081580315467
2014-02-12,7217.58354308167
2014-02-13,7234.108164493337
2014-02-14,7358.086684948707
2014-02-17,7377.753043139426
2014-02-18,7331.489885580151
2014-02-19,7267.291914480144
2014-02-20,7196.72167292286
2014-02-21,7224.396957944586
2014-02-24,7270.324861788688
2014-02-25,7157.854204681424
2014-02-26,7099.970074857771
2014-02-27,7108.503139002578
2014-02-28,7216.115868410764
2014-03-03,7097.347789810668
2014-03-04,7210.320389286062
2014-03-05,7219.6984887868275
2014-03-06,7343.134636526938
2014-03-07,7225.980233685436
2014-03-10,7149.085405561228
2014-03-11,7143.864398760062
2014-03-12,7101.16608187975
2014-03-13,7078.686055372998
2014-03-14,7079.253136982263
2014-03-17,7112.972553321893
2014-03-18,7217.746636131226
2014-03-19,7199.140972263568
2014-03-20,7291.719762343107
2014-03-21,7347.998849284511
2014-03-24,7336.026955452979
2014-03-25,7449.868012924573
2014-03-26,7454.484570233046
2014-03-27,7562.448581341295
2014-03-28,7617.113804650013
2014-03-31,7665.453377676209
2014-04-01,7674.849755924494
2014-04-02,7687.14531344919
2014-04-03,7625.62874499652
2014-04-04,7660.489653061746
2014-04-07,7688.682321440788
2014-04-08,7804.347503609531
2014-04-09,7782.474350377608
2014-04-10,7798.204512918313
2014-04-11,7783.143954488618
2014-04-14,7819.24634378995
2014-04-15,7731.010910249415
2014-04-16,7799.46005518411
2014-04-17,7803.643472009664
2014-04-18,7803.643472009664
2014-04-21,7767.324926456369
2014-04-22,7720.1124800931475
2014-04-23,7686.574715165322
2014-04-24,7714.89745300742
2014-04-25,7641.536606091238
2014-04-28,7644.803940003423
2014-04-29,7727.592384849993
2014-04-30,7771.037397547935
2014-05-01,7762.53065186644
2014-05-02,7825.404907073871
2014-05-05,7778.956196873314
2014-05-06,7789.868052833028
2014-05-07,7865.604445549327
2014-05-08,7932.411152459915
2014-05-09,7929.3973139914815
2014-05-12,8021.972401705574
2014-05-13,8055.116290323284
2014-05-14,8047.050089605504
2014-05-15,7950.145033949703
2014-05-16,8019.781482076314
2014-05-19,8025.560572495913
2014-05-20,7929.577161283855
2014-05-21,7954.559523443587
2014-05-22,8004.649456132171
2014-05-23,8023.05457448927
2014-05-26,8013.02923729139
2014-05-27,7962.1325828368335
2014-05-28,7988.563344372083
2014-05-29,8050.356924639855
2014-05-30,7954.7350287969775
2014-06-02,7977.230754582393
2014-06-03,8014.20285143545
2014-06-04,8001.373310634091
2014-06-05,8070.081566654054
2014-06-06,8119.800421290172
2014-06-09,8094.603885388895
2014-06-10,8133.715479159942
2014-06-11,8136.278049989164
2014-06-12,8130.217364910228
2014-06-13,8059.981884156875
2014-06-16,8075.011070258398
2014-06-17,8023.794515806205
2014-06-18,8098.58735806278
2014-06-19,8175.326050062076
2014-06-20,8165.9991713479585
2014-06-23,8201.026714582204
2014-06-24,8209.78038567541
2014-06-25,8189.09894998611
2014-06-26,8156.129331288955
2014-06-27,8129.296962155324
2014-06-30,8158.606433435654
2014-07-01,8208.29603944691
2014-07-02,8260.852801254023
2014-07-03,8293.187316690768
2014-07-04,8317.439042932081
2014-07-07,8282.829932030047
2014-07-08,8290.170589699479
2014-07-09,8320.848546080733
2014-07-10,8273.849613239343
2014-07-11,8286.28784290763
2014-07-14,8311.107634321435
2014-07-15,8275.183826712191
2014-07-16,8261.510848267495
2014-07-17,8224.674858925024
2014-07-18,8232.477667271194
2014-07-21,8239.894643521106
2014-07-22,8291.220438991755
2014-07-23,8283.742327827247
2014-07-24,8302.134927153593
2014-07-25,8307.611572818858
2014-07-28,8311.382100303439
2014-07-29,8272.330007009823
2014-07-30,8162.29480056373
2014-07-31,8056.505270606813
2014-08-01,8134.688719674753
2014-08-04,8197.54961692712
2014-08-05,8166.993042540093
2014-08-06,8144.51840719148
2014-08-07,8137.407788127468
2014-08-08,8127.463290939626
2014-08-11,8234.235197057122
2014-08-12,8234.380494034272
2014-08-13,8292.406805835213
2014-08-14,8311.4871031534
2014-08-15,8272.586285884703
2014-08-18,8315.689901005742
2014-08-19,8311.634972154277
2014-08-20,8301.870825614222
2014-08-21,8296.276404354932
2014-08-22,8239.383774337375
2014-08-25,8244.893906144694
2014-08-26,8248.464501901824
2014-08-27,8269.845788745739
2014-08-28,8227.324547547074
2014-08-29,8261.576604080414
2014-09-01,8293.440003132946
2014-09-02,8286.941859660534
2014-09-03,8385.617774606035
2014-09-04,8343.812397524725
2014-09-05,8336.10857721516
2014-09-08,8329.311279710882
2014-09-09,8199.600171085094
2014-09-10,8188.193369529112
2014-09-11,8129.975880933428
2014-09-12,8052.141158655207
2014-09-15,8035.391928475703
2014-09-16,8067.098681331225
2014-09-17,8100.389342147205
2014-09-18,8099.128874082233
2014-09-19,8088.042570148413
2014-09-22,7957.749540531489
2014-09-23,7875.84013878043
2014-09-24,7885.767178041511
2014-09-25,7835.741496813185
2014-09-26,7804.990239562501
2014-09-29,7786.968405286288
2014-09-30,7826.182615223876
2014-10-01,7704.55316060348
2014-10-02,7706.123920681505
2014-10-03,7764.755893110013
2014-10-06,7811.086290854112
2014-10-07,7760.705099226999
2014-10-08,7739.12418595432
2014-10-09,7714.528497851712
2014-10-10,7560.987280527142
2014-10-13,7583.287687120077
2014-10-14,7570.292381613374
2014-10-15,7469.1150691264675
2014-10-16,7442.46491864571
2014-10-17,7510.655793438638
2014-10-20,7490.152570635712
2014-10-21,7596.369011734681
2014-10-22,7566.969416417069
2014-10-23,7610.385862090005
2014-10-24,7609.120583875742
2014-10-27,7568.116804131977
2014-10-28,7628.310710839669
2014-10-29,7707.351254846762
2014-10-30,7753.505426579434
2014-10-31,7753.263730713923
2014-11-03,7761.307068098232
2014-11-04,7696.417155476748
2014-11-05,7686.536285276065
2014-11-06,7646.412708971899
2014-11-07,7660.402957223615
2014-11-10,7649.205538218463
2014-11-11,7592.369114533248
2014-11-12,7562.398401318325
2014-11-13,7538.604721963454
2014-11-14,7504.256530932413
2014-11-17,7487.540987963059
2014-11-18,7472.883588238783
2014-11-19,7518.488244287361
2014-11-20,7540.67855533848
2014-11-21,7608.25596087346
2014-11-24,7564.283268793163
2014-11-25,7542.64732713383
2014-11-26,7486.824684180797
2014-11-27,7472.3097074734615
2014-11-28,7345.038090321242
2014-12-01,7198.925369718432
2014-12-02,7084.607164536766
2014-12-03,7121.136389894358
2014-12-04,7064.0149957012245
2014-12-05,7038.4651506173195
2014-12-08,6987.763705094293
2014-12-09,6887.722771589166
2014-12-10,6688.438389963172
2014-12-11,6555.146166989875
2014-12-12,6509.273751875583
2014-12-15,6345.569646119394
2014-12-16,6326.760629123412
2014-12-17,6494.668140109474
2014-12-18,6732.057075962136
2014-12-19,6765.026547995628
2014-12-22,6808.165338970279
2014-12-23,6824.575280849806
2014-12-24,6797.05102463595
2014-12-25,6797.05102463595
2014-12-26,6809.852288206214
2014-12-29,6827.336290296776
2014-12-30,6834.698166027587
2014-12-31,6842.5763992197935
2015-01-01,6842.5763992197935
2015-01-02,6690.269343817788
2015-01-05,6475.371844708073
2015-01-06,6518.18750101754
2015-01-07,6565.170589158846
2015-01-08,6679.330336740079
2015-01-09,6674.87178996525
2015-01-12,6624.6979562963115
2015-01-13,6583.326585495977
2015-01-14,6487.704284728768
2015-01-15,6478.067091948656
2015-01-16,6525.388534501084
2015-01-19,6510.152827120679
2015-01-20,6546.381039768902
2015-01-21,6655.21824121744
2015-01-22,6782.835523628057
2015-01-23,6725.096122828326
2015-01-26,6752.410546256767
2015-01-27,6783.95255238637
2015-01-28,6705.866610620496
2015-01-29,6602.386076710207
2015-01-30,6458.033137230614
2015-02-02,6538.865551991213
2015-02-03,6674.737021841748
2015-02-04,6684.246201879034
2015-02-05,6777.998641537881
2015-02-06,6760.656697411297
2015-02-09,6752.870916218882
2015-02-10,6657.093073683301
2015-02-11,6542.25058424787
2015-02-12,6701.467416071801
2015-02-13,6783.576180703073
2015-02-16,6775.944775175249
2015-02-17,6762.988047450212
2015-02-18,6751.497290153619
2015-02-19,6754.337965129783
2015-02-20,6738.540122893924
2015-02-23,6736.70937748994
2015-02-24,6732.010315499014
2015-02-25,6748.572213821416
2015-02-26,6768.715138267383
2015-02-27,6775.511128350555
2015-03-02,6656.547427905408
2015-03-03,6607.097220978344
2015-03-04,6554.359150072724
2015-03-05,6553.3342125178915
2015-03-06,6402.272550730661
2015-03-09,6347.510891133974
2015-03-10,6227.248248684509
2015-03-11,6252.709126905051
2015-03-12,6379.6868467913455
2015-03-13,6285.180936292035
2015-03-16,6295.8922144472535
2015-03-17,6286.848423146733
2015-03-18,6348.10250537756
2015-03-19,6379.665378849993
2015-03-20,6461.691650234952
2015-03-23,6508.789741792493
2015-03-24,6564.875310486167
2015-03-25,6549.223019447289
2015-03-26,6461.592894881277
2015-03-27,6452.025294726616
2015-03-30,6464.88846564644
2015-03-31,6470.349028500538
2015-04-01,6582.923595503207
2015-04-02,6623.075574472529
2015-04-03,6623.075574472529
2015-04-06,6797.903576858072
2015-04-07,6797.49929337033
2015-04-08,6795.2191645092
2015-04-09,6752.288507133063
2015-04-10,6737.000374995665
2015-04-13,6693.348079390354
2015-04-14,6719.6001977477845
2015-04-15,6690.832877576067
2015-04-16,6800.41313710268
2015-04-17,6723.255769486654
2015-04-20,6677.972878583808
2015-04-21,6714.299434185916
2015-04-22,6687.9912860033955
2015-04-23,6742.001429050041
2015-04-24,6821.029698910671
2015-04-27,6907.313138411195
2015-04-28,6949.575879347514
2015-04-29,6904.548532910402
2015-04-30,6819.678496499567
2015-05-01,6790.931886144115
2015-05-04,6835.058510570752
2015-05-05,6949.0849694291255
2015-05-06,6962.029426522966
2015-05-07,6861.445869623171
2015-05-08,6937.050291970402
2015-05-11,6926.186524871671
2015-05-12,6901.737567565643
2015-05-13,6937.4967589303815
2015-05-14,6971.420674163634
2015-05-15,6992.498958981963
2015-05-18,6946.307425565668
2015-05-19,6877.7517400233355
2015-05-20,6841.066232880213
2015-05-21,6836.33031877549
2015-05-22,6797.268715031492
2015-05-25,6782.990655873293
2015-05-26,6663.340007962794
2015-05-27,6633.997676584549
2015-05-28,6618.69402229706
2015-05-29,6629.621055734104
2015-06-01,6562.61331983996
2015-06-02,6577.8276295596015
2015-06-03,6555.130617341179
2015-06-04,6485.911648763787
2015-06-05,6417.227158533359
2015-06-08,6428.643498726661
2015-06-09,6481.487677138584
2015-06-10,6550.218848700418
2015-06-11,6538.33617479527
2015-06-12,6549.222383705596
2015-06-15,6493.400472627105
2015-06-16,6511.499506197306
2015-06-17,6508.3170289322325
2015-06-18,6575.160427467554
2015-06-19,6495.444345731034
2015-06-22,6545.047102481536
2015-06-23,6540.781163064595
2015-06-24,6525.793731709746
2015-06-25,6479.141036708837
2015-06-26,6462.952322592204
2015-06-29,6383.002867400981
2015-06-30,6401.973182853115
2015-07-01,6320.160167553498
2015-07-02,6403.736126410878
2015-07-03,6353.983408065245
2015-07-06,6291.292363012406
2015-07-07,6245.399369296742
2015-07-08,6201.17127359562
2015-07-09,6263.182999400281
2015-07-10,6340.931342911277
2015-07-13,6343.690067674683
2015-07-14,6396.9819044827245
2015-07-15,6377.571333368732
2015-07-16,6377.749942809096
2015-07-17,6335.888692365034
2015-07-20,6304.326010485796
2015-07-21,6325.1884836336685
2015-07-22,6219.61279211296
2015-07-23,6212.843172953127
2015-07-24,6082.4749524210465
2015-07-27,6012.395762981566
2015-07-28,6033.229166000924
2015-07-29,6093.013656964935
2015-07-30,6018.143504825216
2015-07-31,6177.637044122649
2015-08-03,6090.252769622404
2015-08-04,6122.333718328664
2015-08-05,6059.3812614762355
2015-08-06,6036.81757731779
2015-08-07,6092.369815464485
2015-08-10,6130.456099245473
2015-08-11,5994.011546274868
2015-08-12,5987.499572001698
2015-08-13,5925.177598135125
2015-08-14,5903.3780520906275
2015-08-17,5888.1775450882005
2015-08-18,5837.185849894882
2015-08-19,5776.656312188268
2015-08-20,5709.606035727845
2015-08-21,5564.83580287005
2015-08-24,5322.783083753756
2015-08-25,5422.809952376756
2015-08-26,5404.517697557546
2015-08-27,5651.237588085109
2015-08-28,5747.6029333446095
2015-08-31,5808.434824175083
2015-09-01,5682.258148256812
2015-09-02,5682.173606087395
2015-09-03,5794.118440582776
2015-09-04,5718.676832710059
2015-09-07,5695.337991168778
2015-09-08,5737.269863720834
2015-09-09,5714.419131871295
2015-09-10,5787.358019928697
2015-09-11,5804.635566236418
2015-09-14,5810.721804742591
2015-09-15,5842.79924669395
2015-09-16,5935.7300308805225
2015-09-17,5979.043860747348
2015-09-18,5958.930154304613
2015-09-21,5876.035597528059
2015-09-22,5710.931914905043
2015-09-23,5642.78220014314
2015-09-24,5591.053825413949
2015-09-25,5649.538320434602
2015-09-28,5542.685830647119
2015-09-29,5538.065933072651
2015-09-30,5662.33177688606
2015-10-01,5687.168007197262
2015-10-02,5718.866197437025
2015-10-05,5904.169210695712
2015-10-06,5996.034519674097
2015-10-07,6070.716511615923
2015-10-08,6091.240039863834
2015-10-09,6208.630200684233
2015-10-12,6180.156752695953
2015-10-13,6128.13556990504
2015-10-14,6082.610622744332
2015-10-15,6121.418265785117
2015-10-16,6153.070104701611
2015-10-19,6112.254466556339
2015-10-20,6098.625087784274
2015-10-21,6036.0129327290815
2015-10-22,6122.276947246114
2015-10-23,6170.526084799945
2015-10-26,6198.5772726695295
2015-10-27,6115.938152466043
2015-10-28,6135.7016394775865
2015-10-29,6038.833502053114
2015-10-30,6046.506835035086
2015-11-02,6056.073586805846
2015-11-03,6187.609422058608
2015-11-04,6162.274490161577
2015-11-05,6121.682980646909
2015-11-06,6029.9190328786
2015-11-09,5959.854240211837
2015-11-10,5946.855845581935
2015-11-11,5949.1511607403845
2015-11-12,5863.204840117856
2015-11-13,5777.182441440384
2015-11-16,5740.667132515582
2015-11-17,5700.943528601388
2015-11-18,5726.06854955867
2015-11-19,5811.638689462271
2015-11-20,5895.580177457334
2015-11-23,5832.015027319697
2015-11-24,5829.372412739688
2015-11-25,5751.509647092531
2015-11-26,5773.498636801403
2015-11-27,5729.553991876573
2015-11-30,5642.3250184815915
2015-12-01,5695.90038153282
2015-12-02,5602.669972642008
2015-12-03,5564.305750068976
2015-12-04,5560.3149428681545
2015-12-07,5429.279900659184
2015-12-08,5372.616369135317
2015-12-09,5396.270600261293
2015-12-10,5399.945722219467
2015-12-11,5276.37977460325
2015-12-14,5245.674282081361
2015-12-15,5393.753727047644
2015-12-16,5476.097106929199
2015-12-17,5507.325531489094
2015-12-18,5493.231503270842
2015-12-21,5470.105379941156
2015-12-22,5462.256388105764
2015-12-23,5548.778277412873
2015-12-24,5555.525556157983
2015-12-25,5555.525556157983
2015-12-28,5521.070991721195
2015-12-29,5519.796886527572
2015-12-30,5472.770324130298
2015-12-31,5494.087833872478
2016-01-01,5494.087833872478
2016-01-04,5356.683412502563
2016-01-05,5381.008403289659
2016-01-06,5325.757572630821
2016-01-07,5162.713421961511
2016-01-08,5087.296928671039
2016-01-11,5068.521808159206
2016-01-12,5063.862940081864
2016-01-13,5091.012953802692
2016-01-14,5127.993299092454
2016-01-15,4960.08356877996
2016-01-18,4917.140675830176
2016-01-19,4957.323921765119
2016-01-20,4878.17840741115
2016-01-21,4924.868106791401
2016-01-22,5065.655731111786
2016-01-25,5009.815092536233
2016-01-26,5067.608189673446
2016-01-27,5082.907894687461
2016-01-28,5184.378987137568
2016-01-29,5360.659509581184
2016-02-01,5341.810113155675
2016-02-02,5206.2397122306875
2016-02-03,5234.86764529733
2016-02-04,5422.161099257566
2016-02-05,5339.907434641419
2016-02-08,5243.9308364892695
2016-02-09,5196.641766553488
2016-02-10,5252.412514453373
2016-02-11,5179.398133622299
2016-02-12,5235.480341471099
2016-02-15,5337.017479451864
2016-02-16,5299.059622445268
2016-02-17,5463.79745954372
2016-02-18,5534.921291981904
2016-02-19,5491.967072881561
2016-02-22,5584.81791573603
2016-02-23,5504.657524498001
2016-02-24,5473.2759167505865
2016-02-25,5531.0805481729385
2016-02-26,5548.655374745252
2016-02-29,5545.24514844033
2016-03-01,5631.774430194657
2016-03-02,5764.761653476382
2016-03-03,5818.655318570655
2016-03-04,5884.464982552072
2016-03-07,5930.333379924628
2016-03-08,5828.737496891369
2016-03-09,5861.66538189682
2016-03-10,5848.663438509081
2016-03-11,5895.603723101125
2016-03-14,5887.673084686547
2016-03-15,5816.064169397226
2016-03-16,5875.096995788138
2016-03-17,6113.075815612035
2016-03-18,6173.226330209629
2016-03-21,6156.08058490589
2016-03-22,6197.119428596603
2016-03-23,6114.270546633993
2016-03-24,6087.14472392571
2016-03-25,6087.144723925711
2016-03-28,6095.43068912391
2016-03-29,6138.213614435309
2016-03-30,6297.523633612642
2016-03-31,6302.210367304781
2016-04-01,6242.662747875282
2016-04-04,6191.7714589709385
2016-04-05,6066.360039493961
2016-04-06,6060.307750766707
2016-04-07,5999.4046106964015
2016-04-08,6058.1391624848575
2016-04-11,6100.137462895413
2016-04-12,6230.289337672861
2016-04-13,6282.387136244439
2016-04-14,6288.412305319691
2016-04-15,6267.388194024067
2016-04-18,6253.395211324016
2016-04-19,6420.276364842876
2016-04-20,6404.260440223656
2016-04-21,6363.749857864853
2016-04-22,6324.699967536591
2016-04-25,6280.513475629322
2016-04-26,6333.605007268645
2016-04-27,6387.4834456047465
2016-04-28,6485.575966055492
2016-04-29,6499.9905074528715
2016-05-02,6484.871370513767
2016-05-03,6349.411264530468
2016-05-04,6275.079777637642
2016-05-05,6238.4932424606895
2016-05-06,6217.025249397605
2016-05-09,6154.024738569848
2016-05-10,6221.2053642264755
2016-05-11,6254.355940121192
2016-05-12,6244.986620869611
2016-05-13,6156.612389466344
2016-05-16,6159.925104230074
2016-05-17,6138.717751246837
2016-05-18,6084.396181942322
2016-05-19,5971.455488879613
2016-05-20,6018.509008290577
2016-05-23,6011.4699484801595
2016-05-24,6041.621845811107
2016-05-25,6045.504302834956
2016-05-26,6067.490630386625
2016-05-27,6066.086577258298
2016-05-30,6051.48608243508
2016-05-31,6012.2424397970335
2016-06-01,5981.792816800926
2016-06-02,5967.92682799845
2016-06-03,6077.268441046151
2016-06-06,6127.935599589814
2016-06-07,6182.9672520750755
2016-06-08,6306.335317411679
2016-06-09,6205.319927494803
2016-06-10,6088.876301538016
2016-06-13,6013.95972965267
2016-06-14,5930.39426920061
2016-06-15,6001.359740837589
2016-06-16,5965.475918728034
2016-06-17,6022.139996109071
2016-06-20,6135.336951678366
2016-06-21,6152.194826258356
2016-06-22,6202.373949719689
2016-06-23,6300.819872828514
2016-06-24,6075.024678304929
2016-06-27,5962.1983964009305
2016-06-28,6036.917786772691
2016-06-29,6247.389857864943
2016-06-30,6309.761920988169
2016-07-01,6371.1957687445265
2016-07-04,6366.3971188960995
2016-07-05,6230.930884182934
2016-07-06,6150.685706838993
2016-07-07,6170.999784611171
2016-07-08,6249.372496675232
2016-07-11,6354.411294163883
2016-07-12,6412.711682803316
2016-07-13,6383.104557273211
2016-07-14,6461.3144489303195
2016-07-15,6452.070281151519
2016-07-18,6464.230579749955
2016-07-19,6472.108824450509
2016-07-20,6471.28077401298
2016-07-21,6478.166494330705
2016-07-22,6497.47048569708
2016-07-25,6388.832037293772
2016-07-26,6335.227363861498
2016-07-27,6324.426720882515
2016-07-28,6316.575988901147
2016-07-29,6362.9178524300105
2016-08-01,6337.155449766668
2016-08-02,6319.505258185153
2016-08-03,6322.491056164713
2016-08-04,6363.165191429035
2016-08-05,6401.881722034428
2016-08-08,6497.136452871426
2016-08-09,6553.258406039312
2016-08-10,6582.349032255416
2016-08-11,6662.223578240725
2016-08-12,6655.866232071235
2016-08-15,6704.671536158008
2016-08-16,6702.81022152006
2016-08-17,6619.975248013354
2016-08-18,6682.218043499006
2016-08-19,6626.174972571946
2016-08-22,6581.959500195456
2016-08-23,6535.268191872913
2016-08-24,6457.779962637111
2016-08-25,6500.067683415722
2016-08-26,6533.887044780656
2016-08-29,6458.580499307746
2016-08-30,6385.391431784737
2016-08-31,6330.760738846253
2016-09-01,6325.26295607306
2016-09-02,6426.173506096817
2016-09-05,6456.2440756601045
2016-09-06,6539.088026020713
2016-09-07,6541.647783237988
2016-09-08,6507.252388788845
2016-09-09,6311.411182244828
2016-09-12,6237.648685291584
2016-09-13,6177.262140383929
2016-09-14,6133.462611467715
2016-09-15,6183.40154414161
2016-09-16,6064.778310824961
2016-09-19,6085.119644949358
2016-09-20,6115.032263876308
2016-09-21,6143.092521378052
2016-09-22,6298.385862666404
2016-09-23,6221.41171304345
2016-09-26,6160.331892837805
2016-09-27,6196.461073435523
2016-09-28,6251.172828099074
2016-09-29,6249.241517048662
2016-09-30,6197.843585487437
2016-10-03,6208.166912178348
2016-10-04,6233.39301671514
2016-10-05,6246.293425506163
2016-10-06,6229.6796633039685
2016-10-07,6211.281434221602
2016-10-10,6308.494019599793
2016-10-11,6297.799676264057
2016-10-12,6303.215958516486
2016-10-13,6264.219950750791
2016-10-14,6284.771878492138
2016-10-17,6294.340506247866
2016-10-18,6422.373530446121
2016-10-19,6528.131402918895
2016-10-20,6472.775552653136
2016-10-21,6472.4163349422615
2016-10-24,6528.002774596805
2016-10-25,6535.841437725671
2016-10-26,6494.175202038049
2016-10-27,6476.6532659076265
2016-10-28,6475.576655234647
2016-10-31,6446.689181252023
2016-11-01,6357.267311430726
2016-11-02,6273.377016857183
2016-11-03,6241.046888529863
2016-11-04,6224.153224775121
2016-11-07,6438.609201247343
2016-11-08,6538.013178842936
2016-11-09,6265.469935246107
2016-11-10,5908.380747590002
2016-11-11,5709.309778166032
2016-11-14,5723.514981102766
2016-11-15,5804.822768348791
2016-11-16,5821.6614949301
2016-11-17,5821.182087846933
2016-11-18,5761.22401836701
2016-11-21,5794.267362204334
2016-11-22,5803.787965282058
2016-11-23,5760.885403595611
2016-11-24,5766.014645998227
2016-11-25,5788.576063248501
2016-11-28,5818.634540142489
2016-11-29,5765.620751825368
2016-11-30,5850.598337880931
2016-12-01,5785.319252534409
2016-12-02,5788.569834288801
2016-12-05,5837.563973602212
2016-12-06,5917.0806456005475
2016-12-07,5991.861616396688
2016-12-08,6020.06872758585
2016-12-09,6102.281762980893
2016-12-12,6107.85476871538
2016-12-13,6145.641298540022
2016-12-14,6072.462425658216
2016-12-15,5946.716960311603
2016-12-16,5908.875148090157
2016-12-19,5883.5668854996675
2016-12-20,5879.584109105993
2016-12-21,5850.750696549463
2016-12-22,5795.939034043164
2016-12-23,5773.351418915898
2016-12-26,5784.0813175620615
2016-12-27,5790.818446925307
2016-12-28,5854.944564406327
2016-12-29,5934.551539023366
2016-12-30,5923.247041402879
2017-01-02,5919.76005191299
2017-01-03,5908.482747297471
2017-01-04,5892.503302082892
2017-01-05,5949.604483020256
2017-01-06,5895.661400319419
2017-01-09,5849.6187143615025
2017-01-10,5839.8699314704345
2017-01-11,5793.707875273157
2017-01-12,5887.762670600955
2017-01-13,5910.2636531552
2017-01-16,5878.2409536502955
2017-01-17,5921.434670741967
2017-01-18,5908.55705477094
2017-01-19,5863.42715985825
2017-01-20,5905.974695191813
2017-01-23,6025.205835170604
2017-01-24,6097.736911106796
2017-01-25,6148.393972416827
2017-01-26,6130.936684283489
2017-01-27,6131.092615164054
2017-01-30,6118.8912653065945
2017-01-31,6096.029665352216
2017-02-01,6088.987600797521
2017-02-02,6167.165484693521
2017-02-03,6263.5209659296315
2017-02-06,6223.540691422063
2017-02-07,6156.636820646889
2017-02-08,6175.925514486388
2017-02-09,6211.98512272466
2017-02-10,6285.884091612703
2017-02-13,6293.420080546136
2017-02-14,6221.776776859628
2017-02-15,6235.73573260234
2017-02-16,6259.6918905896155
2017-02-17,6182.3978888252905
2017-02-20,6209.131270924634
2017-02-21,6240.7145516414985
2017-02-22,6311.785496253391
2017-02-23,6350.234140119176
2017-02-24,6275.214635822819
2017-02-27,6282.169151595087
2017-02-28,6220.110853550251
2017-03-01,6283.791053095383
2017-03-02,6252.125293511077
2017-03-03,6309.100141655642
2017-03-06,6366.394329906997
2017-03-07,6347.943982420654
2017-03-08,6313.946739394637
2017-03-09,6255.964911666524
2017-03-10,6317.4367050557785
2017-03-13,6353.938764501555
2017-03-14,6306.923217095683
2017-03-15,6399.436166970661
2017-03-16,6555.458524039395
2017-03-17,6614.8431511714825
2017-03-20,6641.6395520862
2017-03-21,6655.255457832231
2017-03-22,6660.859640867957
2017-03-23,6721.813488005125
2017-03-24,6790.975378005178
2017-03-27,6777.33304737249
2017-03-28,6839.859312290511
2017-03-29,6832.968672573171
2017-03-30,6842.994591452085
2017-03-31,6768.932508652142
2017-04-03,6836.189727
2017-04-04,6841.061867
2017-04-05,6901.770559
2017-04-06,6880.094628
2017-04-07,6910.421299
2017-04-10,6913.224418
2017-04-11,6879.22078
2017-04-12,6848.952627
2017-04-13,6900.51931
2017-04-14,6900.51931
2017-04-17,6911.988256
2017-04-18,6920.511614
2017-04-19,6853.001148
2017-04-20,6843.425133
2017-04-21,6838.353964
2017-04-24,6916.648744
2017-04-25,6872.347402
2017-04-26,6805.767718
2017-04-27,6735.274543
2017-04-28,6737.355889
2017-05-01,6770.948921
2017-05-02,6841.849123
2017-05-03,6785.487211
2017-05-04,6704.034248
2017-05-05,6740.26836
2017-05-08,6720.125676
2017-05-09,6741.973116
2017-05-10,6806.655538
2017-05-11,6814.220735
2017-05-12,6869.741189
2017-05-15,6953.700822
2017-05-16,6946.575225
2017-05-17,6858.150245
2017-05-18,6726.599759
2017-05-19,6818.459867
2017-05-22,6829.803862
2017-05-23,6845.897023
2017-05-24,6887.982731
2017-05-25,6926.468307
2017-05-26,6945.112309
2017-05-29,6909.631922
2017-05-30,6849.289944
2017-05-31,6774.901381
2017-06-01,6866.148373
2017-06-02,6892.606048
2017-06-05,6970.281964
2017-06-06,6983.956007
2017-06-07,6976.346423
2017-06-08,6944.095374
2017-06-09,6946.940384
2017-06-12,6961.293738
2017-06-13,6994.647534
2017-06-14,7067.442789
2017-06-15,6977.555611
2017-06-16,7014.176224
2017-06-19,7018.076283
2017-06-20,6925.015113
2017-06-21,6874.06768
2017-06-22,6892.347358
2017-06-23,6951.033208
2017-06-26,6978.883113
2017-06-27,6939.563227
2017-06-28,6959.697557
2017-06-29,6929.152681
2017-06-30,6942.831338
2017-07-03,6965.865857
2017-07-04,6994.061417
2017-07-05,6966.346668
2017-07-06,6929.34051
2017-07-07,6955.615576
2017-07-10,7044.998425
2017-07-11,7037.908804
2017-07-12,7168.107922
2017-07-13,7226.741632832076
2017-07-14,7281.593599
2017-07-17,7346.779427
2017-07-18,7338.045729
2017-07-19,7331.649915
2017-07-20,7349.587376
2017-07-21,7331.203052
2017-07-24,7316.959653
2017-07-25,7335.465863
2017-07-26,7334.951719
2017-07-27,7352.489363
2017-07-28,7333.251794
2017-07-31,7265.832597
2017-08-01,7282.595675
2017-08-02,7243.335914
2017-08-03,7256.653647
2017-08-04,7248.433542
2017-08-07,7246.210634
2017-08-08,7236.01582
2017-08-09,7212.031559
2017-08-10,7189.070046
2017-08-11,7169.405743
2017-08-14,7240.555964
2017-08-15,7203.263243
2017-08-16,7295.363534
2017-08-17,7263.356417100657
2017-08-18,7248.760219811683
2017-08-21,7336.301223
2017-08-22,7372.404996
2017-08-23,7350.225953053592
2017-08-24,7403.462658
2017-08-25,7451.905832
2017-08-28,7444.052601
2017-08-29,7432.923673
2017-08-30,7413.52548
2017-08-31,7401.233562
2017-09-01,7458.505325
2017-09-04,7409.236705
2017-09-05,7412.668206
2017-09-06,7399.765462
2017-09-07,7451.223847
2017-09-08,7389.45196
2017-09-11,7424.631059
2017-09-12,7400.84771
2017-09-13,7363.934988
2017-09-14,7381.56295
2017-09-15,7417.900161
2017-09-18,7417.230605
2017-09-19,7406.634672
2017-09-20,7453.589103815455
2017-09-21,7421.103245
2017-09-22,7427.455074
2017-09-25,7379.53368
2017-09-26,7335.871332
2017-09-27,7325.496367
2017-09-28,7311.662454
2017-09-29,7341.425712
2017-10-02,7348.593169
2017-10-03,7418.640389
2017-10-04,7454.380838
2017-10-05,7459.487369
2017-10-06,7376.559264
2017-10-09,7334.105556
2017-10-10,7351.196094
2017-10-11,7331.695834384211
2017-10-12,7301.379452
2017-10-13,7297.002172
2017-10-16,7265.423997
2017-10-17,7277.541980110007
2017-10-18,7302.252050139275
2017-10-19,7289.235656
2017-10-20,7227.926759
2017-10-23,7205.318729229254
2017-10-24,7173.097106
2017-10-25,7136.52364
2017-10-26,7128.012329
2017-10-27,7099.082337
2017-10-30,7113.911638
2017-10-31,7090.805863
2017-11-01,7092.376299
2017-11-02,7072.33616
2017-11-03,7032.713707
2017-11-06,7116.215208
2017-11-07,7082.387039
2017-11-08,7091.789825
2017-11-09,7083.182342
2017-11-10,7012.089309062828
2017-11-13,6956.748155
2017-11-14,6918.444758
2017-11-15,6873.252951
2017-11-16,6926.033763
2017-11-17,7022.444369
2017-11-20,6829.152424
2017-11-21,6977.219903
2017-11-22,6966.323876
2017-11-23,6940.147114
2017-11-24,6952.178896
2017-11-27,6884.790319
2017-11-28,6865.583812
2017-11-29,6864.130461
2017-11-30,6789.483260519822
2017-12-01,6792.417326
2017-12-04,6781.157873
2017-12-05,6729.718365
2017-12-06,6634.957067
2017-12-07,6628.925882
2017-12-08,6658.565719
2017-12-11,6721.725127
2017-12-12,6694.838997
2017-12-13,6836.724692
2017-12-14,6863.246059
2017-12-15,6901.096622
2017-12-18,7194.038439
2017-12-19,7126.363924
2017-12-20,7105.200227
2017-12-21,7042.37133
2017-12-22,7054.387268
2017-12-25,7054.387268
2017-12-26,7036.688597
2017-12-27,7046.83546
2017-12-28,7104.805737
2017-12-29,7184.14799547236
2018-01-01,7184.14799547236
2018-01-02,7341.945633788214
2018-01-03,7348.9538975824935
2018-01-04,7444.594897283664
2018-01-05,7475.208556026333
2018-01-08,7472.159283224105
2018-01-09,7424.038504550262
2018-01-10,7351.40874120944
2018-01-11,7388.4071109861725
2018-01-12,7478.389263676927
2018-01-15,7539.0495755072925
2018-01-16,7549.818218859595
2018-01-17,7644.483141876073
2018-01-18,7682.1716171532125
2018-01-19,7665.719050974502
2018-01-22,7662.3098100218085
2018-01-23,7658.296238598937
2018-01-24,7780.900552490161
2018-01-25,7837.656816346397
2018-01-26,7848.628777908288
2018-01-29,7783.7702108385865
2018-01-30,7700.821430567035
2018-01-31,7739.105296902971
2018-02-01,7853.705478173715
2018-02-02,7714.644041170457
2018-02-05,7622.93691030282
2018-02-06,7504.920077173438
2018-02-07,7561.405180232994
2018-02-08,7328.373243441736
2018-02-09,7273.551707699712
2018-02-12,7339.321236313461
2018-02-13,7356.468112276967
2018-02-14,7445.297576606943
2018-02-15,7530.0769000214605
2018-02-16,7519.682821805571
2018-02-19,7527.2030693233655
2018-02-20,7492.898497555307
2018-02-21,7521.972933096901
2018-02-22,7570.100092073918
2018-02-23,7601.757026294597
2018-02-26,7543.960243084996
2018-02-27,7457.429296391301
2018-02-28,7332.949341367618
2018-03-01,7296.075603049229
2018-03-02,7274.435093008876
2018-03-05,7293.475162374518
2018-03-06,7356.215166993257
2018-03-07,7300.053655218741
2018-03-08,7332.779588144731
2018-03-09,7453.387088993765
2018-03-12,7468.750405214307
2018-03-13,7444.2169979659075
2018-03-14,7388.690585405262
2018-03-15,7303.719274625818
2018-03-16,7284.52424030818
2018-03-19,7272.906581172568
2018-03-20,7239.778907898612
2018-03-21,7342.728788407999
2018-03-22,7287.70403387106
2018-03-23,7219.721610291873
2018-03-26,7272.388443549508
2018-03-27,7277.560033147707
2018-03-28,7245.618074733936
2018-03-29,7298.069909516318
2018-03-30,7298.069909516317
2018-04-02,7260.232821107278
2018-04-03,7389.607485653216
2018-04-04,7429.919772419867
2018-04-05,7548.258180257489
2018-04-06,7482.457571769313
2018-04-09,7524.230625623518
2018-04-10,7582.481627831491
2018-04-11,7646.108638287606
2018-04-12,7701.695632893351
2018-04-13,7683.11202926095
2018-04-16,7650.562394888322
2018-04-17,7759.962615931531
2018-04-18,7808.586763797651
2018-04-19,7717.37011446266
2018-04-20,7592.62856054769
2018-04-23,7549.4734806252
2018-04-24,7509.692649992329
2018-04-25,7415.450212868243
2018-04-26,7478.375375829819
2018-04-27,7518.155372460873
2018-04-30,7490.934338837583
2018-05-01,7464.36531968749
2018-05-02,7330.989402252136
2018-05-03,7190.286871380323
2018-05-04,7178.89875616144
2018-05-07,7072.199405477498
2018-05-08,7006.789176036303
2018-05-09,7033.160369696369
2018-05-10,7161.003847675099
2018-05-11,7188.066687499134
2018-05-14,7100.713558899809
2018-05-15,7017.289024104961
2018-05-16,7047.344099908563
2018-05-17,6937.057838763615
2018-05-18,6846.0389089355485
2018-05-21,6824.614865489021
2018-05-22,6929.432668342386
2018-05-23,6927.334860411621
2018-05-24,6898.906847461432
2018-05-25,6908.366100935661
2018-05-28,6891.468103454453
2018-05-29,6803.949194721665
2018-05-30,6827.103728305508
2018-05-31,6758.552100567128
2018-06-01,6827.338962684662
2018-06-04,6870.6699223829
2018-06-05,6755.974020889948
2018-06-06,6781.903220090364
2018-06-07,6774.105308145463
2018-06-08,6808.461023438764
2018-06-11,6833.8608343190635
2018-06-12,6841.2220482666135
2018-06-13,6832.101773445862
2018-06-14,6821.91699247937
2018-06-15,6744.248620018372
2018-06-18,6704.100702712799
2018-06-19,6674.773576956297
2018-06-20,6726.841184207539
2018-06-21,6689.404423066615
2018-06-22,6759.179113962855
2018-06-25,6726.426564689249
2018-06-26,6793.8931009200705
2018-06-27,6729.988625317795
2018-06-28,6749.649768755549
2018-06-29,6883.804026721644
2018-07-02,6706.775463461419
2018-07-03,6812.162506030844
2018-07-04,6876.942605011367
2018-07-05,7013.567869014947
2018-07-06,7072.020150166482
2018-07-09,7114.73435270967
2018-07-10,7119.737908810367
2018-07-11,7117.525740327727
2018-07-12,7100.914493302263
2018-07-13,7100.206104576413
2018-07-16,7092.220036957717
2018-07-17,7121.779328066449
2018-07-18,7111.742712260886
2018-07-19,7065.3458756950395
2018-07-20,7128.717699137838
2018-07-23,7090.181857521733
2018-07-24,7230.262049040858
2018-07-25,7244.939517963756
2018-07-26,7263.367796562128
2018-07-27,7292.674246468128
2018-07-30,7343.226729357002
2018-07-31,7319.656850698054
2018-08-01,7304.256577371688
2018-08-02,7223.818916281262
2018-08-03,7302.617632171195
2018-08-06,7253.16322308018
2018-08-07,7313.933796786294
2018-08-08,7301.715345305124
2018-08-09,7182.490218665842
2018-08-10,7015.600114284864
2018-08-13,6943.587151122072
2018-08-14,7003.439224253708
2018-08-15,6850.772447134891
2018-08-16,6877.167974317449
2018-08-17,6873.462299555035
2018-08-20,6908.400209633172
2018-08-21,7021.728823536626
2018-08-22,7114.726396357921
2018-08-23,7078.0927104510465
2018-08-24,7104.885478067359
2018-08-27,7240.445302930548
2018-08-28,7143.455894259982
2018-08-29,7076.894106160419
2018-08-30,6948.793858279418
2018-08-31,6954.292822315394
2018-09-03,6896.396417036309
2018-09-04,6729.940464448796
2018-09-05,6646.583729285465
2018-09-06,6697.83199002653
2018-09-07,6760.979371154287
2018-09-10,6721.3235989123605
2018-09-11,6697.581105029268
2018-09-12,6850.5925549958565
2018-09-13,6973.392972973301
2018-09-14,6964.029161727639
2018-09-17,6933.559093709979
2018-09-18,6992.577564586594
2018-09-19,7006.781498675866
2018-09-20,7032.106503703848
2018-09-21,7092.014379645682
2018-09-24,7053.514359959885
2018-09-25,7017.014179122862
2018-09-26,7040.859967598872
2018-09-27,7078.07670010071
2018-09-28,7082.908451888704
2018-10-01,7134.0310154610725
2018-10-02,7096.444389214852
2018-10-03,7094.967247928398
2018-10-04,6940.788303575529
2018-10-05,6888.897628426662
2018-10-08,6853.279227560503
2018-10-09,6840.396134875087
2018-10-10,6740.767002951597
2018-10-11,6701.151767625117
2018-10-12,6727.768769681806
2018-10-15,6769.859368907139
2018-10-16,6866.644588099764
2018-10-17,6832.314605892898
2018-10-18,6669.519607481339
2018-10-19,6657.363586460978
2018-10-22,6576.037661031016
2018-10-23,6525.477039858802
2018-10-24,6447.846137960594
2018-10-25,6468.922278083332
2018-10-26,6396.56540754584
2018-10-29,6210.865278284505
2018-10-30,6124.547582395974
2018-10-31,6120.136218074499
2018-11-01,6260.669170756139
2018-11-02,6294.081545588469
2018-11-05,6467.463600425351
2018-11-06,6474.192811246358
2018-11-07,6537.501293317142
2018-11-08,6352.908898171504
2018-11-09,6256.181868765531
2018-11-12,6175.188292774239
2018-11-13,6045.986899812416
2018-11-14,6102.041876923537
2018-11-15,6130.829940089632
2018-11-16,6271.089846900854
2018-11-19,6243.086328723423
2018-11-20,6125.365232418311
2018-11-21,6143.53470304896
2018-11-22,6111.962857542767
2018-11-23,6056.358515307965
2018-11-26,5943.405996328599
2018-11-27,5981.748798235774
2018-11-28,6071.4453708695055
2018-11-29,6184.61048102018
2018-11-30,6095.125313493904
2018-12-03,6193.001975857415
2018-12-04,6155.496062559944
2018-12-05,6155.947626633372
2018-12-06,6131.641942169609
2018-12-07,6195.592356370158
2018-12-10,6101.729032419067
2018-12-11,6090.823037749939
2018-12-12,6153.65129416519
2018-12-13,6150.021126797319
2018-12-14,6101.837854514706
2018-12-17,6053.1224962467295
2018-12-18,6086.960009958496
2018-12-19,6128.080489591326
2018-12-20,6130.773678327945
2018-12-21,6111.314818288333
2018-12-24,6122.4297861056175
2018-12-25,6122.4297861056175
2018-12-26,6136.221737525841
2018-12-27,6160.391971778895
2018-12-28,6201.189187846143
2018-12-31,6194.139113987744
2019-01-01,6194.139113987744
2019-01-02,6261.4785052015395
2019-01-03,6270.8856270940605
2019-01-04,6418.725973151344
2019-01-07,6489.251828530666
2019-01-08,6535.967418446282
2019-01-09,6590.633300673509
2019-01-10,6629.541286842233
2019-01-11,6643.544354907674
2019-01-14,6645.512404517596
2019-01-15,6661.469111199436
2019-01-16,6712.591818449496
2019-01-17,6692.618208387278
2019-01-18,6751.018177130914
2019-01-21,6686.808858168322
2019-01-22,6649.733889347604
2019-01-23,6657.706342085164
2019-01-24,6689.117032879729
2019-01-25,6756.3211027025145
2019-01-28,6707.821090043808
2019-01-29,6719.970057641675
2019-01-30,6691.1250152042385
2019-01-31,6825.351384152935
2019-02-01,6810.252134106936
2019-02-04,6850.27555205492
2019-02-05,6903.254434424457
2019-02-06,6830.664236162912
2019-02-07,6800.514862541224
2019-02-08,6720.84784730463
2019-02-11,6654.800891989714
2019-02-12,6648.699548872274
2019-02-13,6567.814390799634
2019-02-14,6585.779720521467
2019-02-15,6650.303400961754
2019-02-18,6644.818996492397
2019-02-19,6697.995392902551
2019-02-20,6747.477816632961
2019-02-21,6764.7851031959335
2019-02-22,6855.277729749985
2019-02-25,6887.39563156672
2019-02-26,6871.395822456899
2019-02-27,6803.935936903104
2019-02-28,6696.423124390143
2019-03-01,6649.378983375236
2019-03-04,6612.346597992567
2019-03-05,6591.208948243191
2019-03-06,6592.008604369004
2019-03-07,6504.593666047974
2019-03-08,6470.764104592578
2019-03-11,6521.108906981957
2019-03-12,6558.363688251874
2019-03-13,6587.953114342712
2019-03-14,6576.519234524562
2019-03-15,6642.543076501699
2019-03-18,6693.008197780145
2019-03-19,6742.817249676648
2019-03-20,6805.322018303021
2019-03-21,6827.544365441718
2019-03-22,6606.557361050995
2019-03-25,6663.920902355393
2019-03-26,6648.099489715793
2019-03-27,6564.839329092042
2019-03-28,6570.336469440437
2019-03-29,6635.724005709666
2019-04-01,6718.81990382405
2019-04-02,6667.1370696966405
2019-04-03,6708.498776150397
2019-04-04,6769.1835924641855
2019-04-05,6840.689585177054
2019-04-08,6918.666565335932
2019-04-09,6927.791667508035
2019-04-10,6937.466742854954
2019-04-11,6876.812640305646
2019-04-12,6893.759565399003
2019-04-15,6819.589858538641
2019-04-16,6843.22936543975
2019-04-17,6932.435637388439
2019-04-18,6916.7270750525195
2019-04-19,6916.7270750525195
2019-04-22,6868.870210663568
2019-04-23,6801.909155511302
2019-04-24,6759.361335727534
2019-04-25,6711.724374327237
2019-04-26,6760.188873402649
2019-04-29,6690.508569231372
2019-04-30,6694.353733613236
2019-05-01,6722.351465256451
2019-05-02,6611.620791220388
2019-05-03,6635.375982206866
2019-05-06,6612.028055768486
2019-05-07,6526.12100938511
2019-05-08,6498.970279411439
2019-05-09,6413.477739229263
2019-05-10,6452.9795886652
2019-05-13,6353.978927477745
2019-05-14,6400.998302841165
2019-05-15,6384.911058937298
2019-05-16,6365.822601990379
2019-05-17,6327.405810223162
2019-05-20,6305.467833863117
2019-05-21,6321.8492655745085
2019-05-22,6299.1690560318475
2019-05-23,6241.057772323506
2019-05-24,6229.630547781911
2019-05-27,6205.803112980003
2019-05-28,6111.016724810649
2019-05-29,6150.04626447139
2019-05-30,6244.928446846292
2019-05-31,6176.212687153912
2019-06-03,6186.961234562581
2019-06-04,6285.897273757408
2019-06-05,6299.079669707806
2019-06-06,6281.247263767246
2019-06-07,6334.5593188313
2019-06-10,6437.305434229229
2019-06-11,6560.771846651056
2019-06-12,6629.292494532493
2019-06-13,6598.310694838931
2019-06-14,6552.643162984117
2019-06-17,6504.625470628947
2019-06-18,6597.351199010591
2019-06-19,6594.473574836941
2019-06-20,6719.866683410637
2019-06-21,6718.557140240831
2019-06-24,6716.836296670939
2019-06-25,6735.94890187312
2019-06-26,6709.176513816773
2019-06-27,6684.339417973125
2019-06-28,6684.812112261689
2019-07-01,6716.954814619442
2019-07-02,6695.694772514228
2019-07-03,6743.3879801788535
2019-07-04,6762.856579221263
2019-07-05,6741.597162267986
2019-07-08,6774.430585562831
2019-07-09,6741.699227814408
2019-07-10,6726.00166064927
2019-07-11,6774.985435138207
2019-07-12,6773.627793935081
2019-07-15,6757.42921853028
2019-07-16,6750.823853388727
2019-07-17,6694.116729554193
2019-07-18,6614.49093768917
2019-07-19,6598.777927381401
2019-07-22,6501.592118550755
2019-07-23,6457.003657273226
2019-07-24,6476.621261291879
2019-07-25,6473.666324949666
2019-07-26,6466.6676363018405
2019-07-29,6524.105390727787
2019-07-30,6464.897507779735
2019-07-31,6417.476134459628
2019-08-01,6293.702987967325
2019-08-02,6196.550599751371
2019-08-05,5994.534075285317
2019-08-06,6030.018510807182
2019-08-07,6074.004707398055
2019-08-08,6177.777060815731
2019-08-09,6255.418111467293
2019-08-12,5645.697744865556
2019-08-13,5698.8572166939975
2019-08-14,5510.251104444786
2019-08-15,5547.149004940824
2019-08-16,5625.594571991429
2019-08-19,5531.1681376817205
2019-08-20,5569.716170188267
2019-08-21,5615.492781699842
2019-08-22,5577.382745298185
2019-08-23,5479.292521381549
2019-08-26,5458.023649621617
2019-08-27,5438.48652487504
2019-08-28,5462.560112775343
2019-08-29,5547.362382281184
2019-08-30,5651.366814382072
2019-09-02,5597.721446421868
2019-09-03,5528.256903304955
2019-09-04,5661.462791217545
2019-09-05,5767.422703868918
2019-09-06,5808.269523871895
2019-09-09,5800.879058835426
2019-09-10,5825.043929505887
2019-09-11,5866.097388078178
2019-09-12,5893.294606257486
2019-09-13,5930.941538281545
2019-09-16,5980.4077751533605
2019-09-17,5983.159465996706
2019-09-18,5972.056919530658
2019-09-19,5976.343392209108
2019-09-20,5998.973277495958
2019-09-23,5954.806090741738
2019-09-24,5902.63425543406
2019-09-25,5889.1229653927285
2019-09-26,5877.311705255381
2019-09-27,5914.534940187906
2019-09-30,5870.548292511161
2019-10-01,5836.652801852121
2019-10-02,5803.613434989387
2019-10-03,5845.499082747032
2019-10-04,5985.932412113965
2019-10-07,5951.979593578638
2019-10-08,5893.923562237447
2019-10-09,5875.857734502976
2019-10-10,5955.972697661833
2019-10-11,6058.766938584341
2019-10-14,6054.649750571482
2019-10-15,6064.439368590682
2019-10-16,6054.1784308463875
2019-10-17,6062.548416107209
2019-10-18,6052.417818967212
2019-10-21,5954.637561424663
2019-10-22,5964.198436131889
2019-10-23,5923.072409230116
2019-10-24,5975.0003847393855
2019-10-25,5943.550081915424
2019-10-28,5972.654861454363
2019-10-29,5962.583139124683
2019-10-30,5876.764600224687
2019-10-31,5847.046749754936
2019-11-01,5919.960811176167
2019-11-04,5969.744212195578
2019-11-05,5928.052016972118
2019-11-06,5892.1140777580795
2019-11-07,5956.441913552332
2019-11-08,5886.120102210932
2019-11-11,5842.53139747741
2019-11-12,5724.95785911195
2019-11-13,5586.905624131263
2019-11-14,5585.448742658251
2019-11-15,5799.14907341744
2019-11-18,5758.694082896913
2019-11-19,5733.347657541928
2019-11-20,5721.587993101592
2019-11-21,5686.969603950594
2019-11-22,5717.2022274861065
2019-11-25,5684.140422408704
2019-11-26,5577.831930611224
2019-11-27,5559.157928827901
2019-11-28,5509.723659460493
2019-11-29,5560.248576596504
2019-12-02,5514.990837504384
2019-12-03,5490.586113446211
2019-12-04,5613.852883057528
2019-12-05,5678.920163961151
2019-12-06,5700.674105503827
2019-12-09,5750.294578020439
2019-12-10,5755.737068588095
2019-12-11,5824.844409147348
2019-12-12,5882.01764107047
2019-12-13,6013.753190445531
2019-12-16,6026.418984886281
2019-12-17,6029.620695752366
2019-12-18,6063.835534124059
2019-12-19,6067.263410928748
2019-12-20,6075.887300224485
2019-12-23,6096.781841884123
2019-12-24,6099.569654468297
2019-12-25,6099.569654468297
2019-12-26,6120.464924919831
2019-12-27,6133.495911447458
2019-12-30,6075.332067138099
2019-12-31,6055.334790314622
2020-01-01,6055.334790314622
2020-01-02,6172.54660265384
2020-01-03,6196.504781298044
2020-01-06,6182.916677147363
2020-01-07,6142.077041119222
2020-01-08,6195.643337366916
2020-01-09,6189.5036687441425
2020-01-10,6230.049660982225
2020-01-13,6196.536492877966
2020-01-14,6211.189993383701
2020-01-15,6137.489195495184
2020-01-16,6179.1997517919035
2020-01-17,6247.007984203304
2020-01-20,6234.639870376855
2020-01-21,6128.637936333502
2020-01-22,6135.126389492045
2020-01-23,6073.501898814316
2020-01-24,6008.797902530437
2020-01-27,5829.373964739909
2020-01-28,5910.605579663315
2020-01-29,5941.69009842511
2020-01-30,5900.514531290617
2020-01-31,5796.937948363618
2020-02-03,5883.964517150928
2020-02-04,6015.961475016117
2020-02-05,6022.473563744567
2020-02-06,5992.915754576248
2020-02-07,5938.353305610648
2020-02-10,5891.427803165669
2020-02-11,5967.913027504052
2020-02-12,6003.004439552099
2020-02-13,5934.060451434219
2020-02-14,5954.936347557372
2020-02-17,5930.902322002325
2020-02-18,5869.753845345541
2020-02-19,5886.022154817668
2020-02-20,5830.379650914597
2020-02-21,5805.054291581467
2020-02-24,5651.264140690614
2020-02-25,5538.753550055829
2020-02-26,5489.30613409493
2020-02-27,5305.888149178627
2020-02-28,5154.481409484863
2020-03-02,5283.118736618641
2020-03-03,5383.583631207369
2020-03-04,5455.500660775841
2020-03-05,5322.410793643404
2020-03-06,5108.876681178479
2020-03-09,4590.713417247363
2020-03-10,4723.202166207553
2020-03-11,4534.252107255285
2020-03-12,4048.6276245832896
2020-03-13,4219.054726587614
2020-03-16,3799.239171180625
2020-03-17,3768.443954617904
2020-03-18,3359.2498463698194
2020-03-19,3396.8532149678567
2020-03-20,3381.6451518105605
2020-03-23,3148.6106425229987
2020-03-24,3280.1536130816226
2020-03-25,3542.6176554649765
2020-03-26,3786.9310334698894
2020-03-27,3598.9215703644377
2020-03-30,3581.829951013575
2020-03-31,3699.426541018675
2020-04-01,3525.354814367043
2020-04-02,3632.1200398028463
2020-04-03,3591.5289510897446
2020-04-06,3702.1668542707753
2020-04-07,3787.6052986244213
2020-04-08,3804.2379031045743
2020-04-09,3903.310693651233
2020-04-10,3903.310693651233
2020-04-13,3891.939642856886
2020-04-14,3963.585781814315
2020-04-15,3845.39990596481
2020-04-16,3809.443278753529
2020-04-17,3875.886226088205
2020-04-20,3815.3988509749915
2020-04-21,3670.343933131422
2020-04-22,3688.3201332825697
2020-04-23,3710.432736719433
2020-04-24,3653.8516141366526
2020-04-27,3721.5595478171817
2020-04-28,3863.3112405076117
2020-04-29,4053.280805230218
2020-04-30,4023.0271638300196
2020-05-01,3941.4500780401695
2020-05-04,3904.228587008172
2020-05-05,4008.8665587513315
2020-05-06,3984.5280410276187
2020-05-07,4026.0653292791626
2020-05-08,4042.5431254211444
2020-05-11,4038.7453535641584
2020-05-12,3992.550413920934
2020-05-13,3842.5661593042446
2020-05-14,3879.76838068462
2020-05-15,3887.8217767658193
2020-05-18,4070.9202218571095
2020-05-19,3997.0268397215323
2020-05-20,4068.4100479682843
2020-05-21,4090.613131136718
2020-05-22,4072.0626974638835
2020-05-25,4114.81236727649
2020-05-26,4171.400354241743
2020-05-27,4189.504640825482
2020-05-28,4144.388090373819
2020-05-29,4157.020162395396
2020-06-01,4258.38201343382
2020-06-02,4410.157788881403
2020-06-03,4576.2630817225545
2020-06-04,4541.552999096582
2020-06-05,4711.376217540074
2020-06-08,4825.256884791277
2020-06-09,4748.424567574894
2020-06-10,4609.4777412809935
2020-06-11,4360.935588404675
2020-06-12,4432.872364684081
2020-06-15,4356.512960605851
2020-06-16,4472.533420815269
2020-06-17,4446.7419155166435
2020-06-18,4365.658360452433
2020-06-19,4422.655438870347
2020-06-22,4416.7538604720385
2020-06-23,4455.4989735977315
2020-06-24,4402.570955000361
2020-06-25,4387.0171256973545
2020-06-26,4306.834511637092
2020-06-29,4319.2805488977065
2020-06-30,4311.30362097595
2020-07-01,4379.41282132181
2020-07-02,4485.302847217446
2020-07-03,4520.2400546231875
2020-07-06,4605.611301060143
2020-07-07,4559.795422232679
2020-07-08,4522.815154669608
2020-07-09,4447.046196646108
2020-07-10,4437.1665631738815
2020-07-13,4459.7627681220365
2020-07-14,4457.694311901029
2020-07-15,4450.683179376314
2020-07-16,4449.621735974017
2020-07-17,4414.9484899374775
2020-07-20,4382.4505050586495
2020-07-21,4450.153657884528
2020-07-22,4554.524866434125
2020-07-23,4562.605579264742
2020-07-24,4567.472046320082
2020-07-27,4697.038993857216
2020-07-28,4694.0701001066545
2020-07-29,4672.937092130599
2020-07-30,4611.670589756939
2020-07-31,4626.493800876404
2020-08-03,4584.921429981426
2020-08-04,4567.828181941157
2020-08-05,4636.546155665915
2020-08-06,4654.336557330745
2020-08-07,4633.947654946326
2020-08-10,4627.74645720506
2020-08-11,4643.8897167264295
2020-08-12,4654.418572285461
2020-08-13,4661.17227310942
2020-08-14,4718.425631041792
2020-08-17,4735.724119882859
2020-08-18,4733.037111668065
2020-08-19,4728.8316002573165
2020-08-20,4678.802928024734
2020-08-21,4659.130894096724
2020-08-24,4635.446516414318
2020-08-25,4659.735931696522
2020-08-26,4616.259528163725
2020-08-27,4611.239384163238
2020-08-28,4659.426884142659
2020-08-31,4539.3730009458
2020-09-01,4659.820302755094
2020-09-02,4649.46048924499
2020-09-03,4623.743098252698
2020-09-04,4598.771738916401
2020-09-07,4639.481893491918
2020-09-08,4549.995177211208
2020-09-09,4589.806703501259
2020-09-10,4565.778034440616
2020-09-11,4562.552810239346
2020-09-14,4603.196983817847
2020-09-15,4620.1533680313105
2020-09-16,4613.273001484289
2020-09-17,4584.838617231981
2020-09-18,4570.74849450713
2020-09-21,4411.2594701615835
2020-09-22,4414.519320713111
2020-09-23,4281.223668518211
2020-09-24,4289.274838157949
2020-09-25,4325.428511658251
2020-09-28,4357.139768534189
2020-09-29,4348.377912767157
2020-09-30,4431.608225279848
2020-10-01,4389.104733362854
2020-10-02,4418.2412749881
2020-10-05,4467.474548540525
2020-10-06,4447.339399446531
2020-10-07,4466.107130810341
2020-10-08,4564.154549735421
2020-10-09,4607.824908711203
2020-10-12,4601.156865168467
2020-10-13,4541.60807956121
2020-10-14,4560.179465061661
2020-10-15,4536.812026477257
2020-10-16,4546.101212379902
2020-10-19,4560.539994371224
2020-10-20,4614.786841633775
2020-10-21,4689.064188937249
2020-10-22,4707.3632203184725
2020-10-23,4742.08799406853
2020-10-26,4659.206579241345
2020-10-27,4654.392178667964
2020-10-28,4506.70520971965
2020-10-29,4427.162821754594
2020-10-30,4420.215878834154
2020-11-02,4435.877605317173
2020-11-03,4508.795101093946
2020-11-04,4517.928230490065
2020-11-05,4729.425408328918
2020-11-06,4803.904577673001
2020-11-09,4980.84734505763
2020-11-10,5004.232060467202
2020-11-11,5018.127364907818
2020-11-12,4953.9550304692875
2020-11-13,5017.615391743704
2020-11-16,5066.189021663724
2020-11-17,5152.179107785869
2020-11-18,5226.447087200667
2020-11-19,5162.6520264834135
2020-11-20,5179.666754894221
2020-11-23,5219.03819864469
2020-11-24,5293.173483311278
2020-11-25,5263.384924765566
2020-11-26,5268.856939350375
2020-11-27,5229.563876358949
2020-11-30,5180.262057296276
2020-12-01,5331.554653179708
2020-12-02,5429.524383505927
2020-12-03,5512.428301095251
2020-12-04,5546.627125615669
2020-12-07,5513.788955042863
2020-12-08,5522.080435294685
2020-12-09,5513.573794488559
2020-12-10,5543.577889875554
2020-12-11,5511.445735897602
2020-12-14,5488.582387966076
2020-12-15,5508.310445031856
2020-12-16,5594.261166061126
2020-12-17,5724.158830657134
2020-12-18,5676.027332736848
2020-12-21,5527.84603410905
2020-12-22,5504.0737435915535
2020-12-23,5590.2679726619
2020-12-24,5618.047979232574
2020-12-25,5618.047979232637
2020-12-28,5638.865849964597
2020-12-29,5728.059464221009
2020-12-30,5745.0272160346185
2020-12-31,5686.321706283447
2021-01-01,5686.321706283481
2021-01-04,5752.9521522085615
2021-01-05,5828.827808872084
2021-01-06,5910.103549605268
2021-01-07,5978.366408885495
2021-01-08,6012.145003470368
2021-01-11,5925.884058190919
2021-01-12,5916.765535854848
2021-01-13,5898.472436923242
2021-01-14,5911.147955632755
2021-01-15,5833.619886542492
2021-01-18,5900.899171642132
2021-01-19,5877.471375706774
2021-01-20,5877.827060173751
2021-01-21,5809.390023603831
2021-01-22,5664.96789758392
2021-01-25,5624.6527030133175
2021-01-26,5668.874366022479
2021-01-27,5517.309609757634
2021-01-28,5489.60173407558
2021-01-29,5375.431861838313
2021-02-01,5415.652005972979
2021-02-02,5557.07009320881
2021-02-03,5552.069725757485
2021-02-04,5522.699696140273
2021-02-05,5597.022359049803
2021-02-08,5614.168646058733
2021-02-09,5700.356724725232
2021-02-10,5704.598067906145
2021-02-11,5677.042958014749
2021-02-12,5714.430611748313
2021-02-15,5737.658522622628
2021-02-16,5751.265147825863
2021-02-17,5723.4069871408765
2021-02-18,5647.173292680139
2021-02-19,5719.850377579739
2021-02-22,5614.417368596476
2021-02-23,5621.495321326727
2021-02-24,5710.897449304546
2021-02-25,5556.333367010421
2021-02-26,5561.500198057344
2021-03-01,5635.7841721952045
2021-03-02,5674.433222924959
2021-03-03,5693.125253313398
2021-03-04,5655.165262673802
2021-03-05,5611.75875976379
2021-03-08,5589.068751587703
2021-03-09,5688.266797904873
2021-03-10,5791.003060229171
2021-03-11,5878.320256947981
2021-03-12,5865.049636178005
2021-03-15,5873.489237229634
2021-03-16,5923.69504723461
2021-03-17,5890.514911220587
2021-03-18,5911.523929859006
2021-03-19,5869.877104821911
2021-03-22,5850.921299515102
2021-03-23,5761.016324708027
2021-03-24,5716.673222123936
2021-03-25,5686.491449320442
2021-03-26,5775.125401508916
2021-03-29,5788.005782562999
2021-03-30,5828.595552533825
2021-03-31,5820.665049221519
2021-04-01,5845.86135533726
2021-04-02,5845.861355337261
2021-04-05,5897.873292215612
2021-04-06,5929.8181010247445
2021-04-07,5951.812447507467
2021-04-08,6022.175319842335
2021-04-09,5961.767655344691
2021-04-12,5958.8238477728055
2021-04-13,5952.069233568596
2021-04-14,6027.547978930621
2021-04-15,6091.113902325678
2021-04-16,6130.300829334645
2021-04-19,6075.784100868113
2021-04-20,6085.599261283846
2021-04-21,6105.5148378218355
2021-04-22,6038.2515119697255
2021-04-23,5999.678172533592
2021-04-26,6016.43973677211
2021-04-27,5954.077450054562
2021-04-28,5878.275238423788
2021-04-29,5846.585946770399
2021-04-30,5693.133095154861
2021-05-03,5772.552846216487
2021-05-04,5775.076966393867
2021-05-05,5815.124122701279
2021-05-06,5836.903311392473
2021-05-07,5915.684106398799
2021-05-10,5984.633843047131
2021-05-11,5923.746828989914
2021-05-12,5827.67645975987
2021-05-13,5794.173971935174
2021-05-14,5968.775237687064
2021-05-17,5805.81730640747
2021-05-18,5825.771596273072
2021-05-19,5734.37109935148
2021-05-20,5771.280157284513
2021-05-21,5720.321073658736
2021-05-24,5691.178284708317
2021-05-25,5634.179595728788
2021-05-26,5674.606602135104
2021-05-27,5729.746803873511
2021-05-28,5852.019501708173
2021-05-31,5945.119104215053
2021-06-01,6000.262954580422
2021-06-02,6021.793478665189
2021-06-03,5922.366511819828
2021-06-04,5965.183027319548
2021-06-07,5994.0318085838435
2021-06-08,5988.5623514092285
2021-06-09,6021.831458538916
2021-06-10,6011.618706849271
2021-06-11,6031.905002665747
2021-06-14,6010.736785505394
2021-06-15,5952.2012409712315
2021-06-16,5921.286582358265
2021-06-17,5819.92828837555
2021-06-18,5730.176238617679
2021-06-21,5747.034517271883
2021-06-22,5721.786030830051
2021-06-23,5806.562247153867
2021-06-24,5908.309150657629
2021-06-25,5894.379312423631
2021-06-28,5882.483544885888
2021-06-29,5834.208984285331
2021-06-30,5833.335133787673
2021-07-01,5811.308866483505
2021-07-02,5844.103783626709
2021-07-05,5854.004482082015
2021-07-06,5709.719927494426
2021-07-07,5711.224434043398
2021-07-08,5655.8694246439745
2021-07-09,5744.573148805746
2021-07-12,5756.940466736604
2021-07-13,5684.360709195192
2021-07-14,5670.405247903491
2021-07-15,5686.368679471373
2021-07-16,5683.419623274545
2021-07-19,5597.281701215446
2021-07-20,5617.7601534157375
2021-07-21,5661.56404438045
2021-07-22,5691.677584167484
2021-07-23,5656.311878261342
2021-07-26,5671.439922901105
2021-07-27,5683.004116252123
2021-07-28,5701.405228350517
2021-07-29,5783.977977389801
2021-07-30,5707.25331234238
2021-08-02,5679.335290662128
2021-08-03,5676.086827184162
2021-08-04,5633.615481716888
2021-08-05,5648.8108259947485
2021-08-06,5614.898084608199
2021-08-09,5565.068754618632
2021-08-10,5630.687736437532
2021-08-11,5719.050030621124
2021-08-12,5715.237728235518
2021-08-13,5745.111529273516
2021-08-16,5705.881543495713
2021-08-17,5703.743848109557
2021-08-18,5736.912142274802
2021-08-19,5646.931532176963
2021-08-20,5645.0601409776655
2021-08-23,5731.844577234352
2021-08-24,5749.327389945314
2021-08-25,5782.70019209688
2021-08-26,5766.56298813554
2021-08-27,5830.673421844587
2021-08-30,5899.62746569486
2021-08-31,5981.246164461192
2021-09-01,5931.025126665621
2021-09-02,5914.45506919399
2021-09-03,5946.93686698549
2021-09-06,5951.484517956487
2021-09-07,5895.665079832698
2021-09-08,5806.89831703157
2021-09-09,5792.74536779697
2021-09-10,5820.611160578817
2021-09-13,5825.698218465144
2021-09-14,5837.350133240658
2021-09-15,5887.392080062378
2021-09-16,5900.478943325948
2021-09-17,5857.233636763156
2021-09-20,5693.100085662723
2021-09-21,5703.967569605702
2021-09-22,5784.203611041275
2021-09-23,5796.733687835815
2021-09-24,5730.83597918408
2021-09-27,5752.097487244232
2021-09-28,5661.570742432853
2021-09-29,5639.379704101963
2021-09-30,5652.002252086011
2021-10-01,5654.384609570421
2021-10-04,5590.592097672189
2021-10-05,5598.298290508883
2021-10-06,5533.54151123525
2021-10-07,5576.444713567023
2021-10-08,5561.900559280951
2021-10-11,5566.463929499921
2021-10-12,5553.8012787902035
2021-10-13,5547.546382909636
2021-10-14,5583.222695465997
2021-10-15,5679.086531586472
2021-10-18,5702.341260160506
2021-10-19,5700.6774219955905
2021-10-20,5741.162272471394
2021-10-21,5705.961053374192
2021-10-22,5700.276852200943
2021-10-25,5757.774901430582
2021-10-26,5791.536127296527
2021-10-27,5716.067708351138
2021-10-28,5664.253955011248
2021-10-29,5594.647647758458
2021-11-01,5598.071239033713
2021-11-02,5623.851099551962
2021-11-03,5647.947234358455
2021-11-04,5716.109557928359
2021-11-05,5731.434127421823
2021-11-08,5762.099140732322
2021-11-09,5850.109365289989
2021-11-10,5792.4391199270995
2021-11-11,5795.699613151475
2021-11-12,5744.270430935661
2021-11-15,5668.812559049907
2021-11-16,5552.820088066539
2021-11-17,5529.748131490896
2021-11-18,5500.281758921116
2021-11-19,5479.547091749503
2021-11-22,5593.726647750551
2021-11-23,5545.950871629634
2021-11-24,5481.25302150236
2021-11-25,5422.233124619798
2021-11-26,5283.683592362167
2021-11-29,5300.515798860766
2021-11-30,5363.818798798794
2021-12-01,5368.487131725523
2021-12-02,5453.38417458664
2021-12-03,5403.8455142967905
2021-12-06,5429.926098991807
2021-12-07,5491.964719016321
2021-12-08,5503.092053590031
2021-12-09,5482.723801328703
2021-12-10,5479.362767303498
2021-12-13,5397.7951871184205
2021-12-14,5340.87086938847
2021-12-15,5358.58661539996
2021-12-16,5461.582728790443
2021-12-17,5563.559934949606
2021-12-20,5368.145659452973
2021-12-21,5408.254996100816
2021-12-22,5444.702652488267
2021-12-23,5527.568109077664
2021-12-24,5573.734420274232
2021-12-27,5580.308783375792
2021-12-28,5596.857870997112
2021-12-29,5583.8747568726085
2021-12-30,5647.390031413542
2021-12-31,5647.015944770738
2022-01-03,5602.971263559333
2022-01-04,5659.477179802954
2022-01-05,5668.084961671102
2022-01-06,5664.554415251899
2022-01-07,5660.601934756864
2022-01-10,5632.117916470026
2022-01-11,5753.26272182463
2022-01-12,5890.6976514307535
2022-01-13,5918.427335256024
2022-01-14,5878.228679392861
2022-01-17,5899.4435829932245
2022-01-18,5868.181344639215
2022-01-19,5846.193160029704
2022-01-20,5864.777772375992
2022-01-21,5881.559745145959
2022-01-24,5731.0343175087655
2022-01-25,5731.611659649797
2022-01-26,5736.4724610965095
2022-01-27,5701.691629446072
2022-01-28,5652.291845881837
2022-01-31,5801.915791319833
2022-02-01,5878.287715557641
2022-02-02,5856.391131652268
2022-02-03,5738.351805244758
2022-02-04,5709.305795408051
2022-02-07,5768.781486284181
2022-02-08,5864.312590777247
2022-02-09,5964.660933153164
2022-02-10,5997.5238802254735
2022-02-11,6035.422859443726
2022-02-14,5943.716525776707
2022-02-15,6050.472811805372
2022-02-16,6122.500787267209
2022-02-17,6063.775831915666
2022-02-18,6058.42583425739
2022-02-21,6027.313635048364
2022-02-22,6068.293485258011
2022-02-23,5980.037612877863
2022-02-24,5853.01228264693
2022-02-25,6001.392923882208
2022-02-28,6066.648085968286
2022-03-01,5996.776034874817
2022-03-02,6020.098247373524
2022-03-03,6084.899452900995
2022-03-04,6017.462303674346
2022-03-07,5879.747266944178
2022-03-08,5853.642819130847
2022-03-09,6017.380557871436
2022-03-10,5958.835859450679
2022-03-11,5945.298314827765
2022-03-14,5868.0787775273575
2022-03-15,5870.298930730383
2022-03-16,6011.071141794696
2022-03-17,6149.5122126394035
2022-03-18,6258.829984713164
2022-03-21,6339.326925934716
2022-03-22,6344.676058792458
2022-03-23,6314.37693331526
2022-03-24,6421.757768025262
2022-03-25,6459.885056607838
2022-03-28,6423.901441853593
2022-03-29,6469.960489607431
2022-03-30,6445.828502676667
2022-03-31,6482.950677188633
2022-04-01,6553.967947619948
2022-04-04,6571.8207027096
2022-04-05,6455.787030650442
2022-04-06,6384.605245104068
2022-04-07,6293.612327041775
2022-04-08,6274.92224342751
2022-04-11,6278.359377617045
2022-04-12,6286.464678377888
2022-04-13,6337.558860401913
2022-04-14,6290.954249435003
2022-04-15,6290.9542494350935
2022-04-18,6268.043631312867
2022-04-19,6291.86229217279
2022-04-20,6317.412185919607
2022-04-21,6187.772234965783
2022-04-22,6061.867591784848
2022-04-25,5901.085654145486
2022-04-26,5863.2528727990875
2022-04-27,5869.563190514961
2022-04-28,5874.126253877323
2022-04-29,5842.628174251488
2022-05-02,5860.23541398764
2022-05-03,5831.004147353916
2022-05-04,5918.849834327274
2022-05-05,5814.431200145707
2022-05-06,5795.994677201151
2022-05-09,5621.768905201338
2022-05-10,5590.595089862726
2022-05-11,5595.833579209788
2022-05-12,5598.850748687902
2022-05-13,5673.669527297098
2022-05-16,5747.115202229483
2022-05-17,5896.749636852035
2022-05-18,5773.37265052836
2022-05-19,5874.248938542468
2022-05-20,5971.699725249963
2022-05-23,6054.831461735428
2022-05-24,6011.843666336838
2022-05-25,6064.573544672046
2022-05-26,6128.292194551365
2022-05-27,6263.142331792468
2022-05-30,6271.0751523191175
2022-05-31,6302.72996076865
2022-06-01,6254.888800347626
2022-06-02,6272.636707021548
2022-06-03,6275.534271841658
2022-06-06,6197.130171234466
2022-06-07,6199.33372672052
2022-06-08,6166.767379723858
2022-06-09,6055.650927788882
2022-06-10,5929.637242833799
2022-06-13,5674.094477456275
2022-06-14,5640.707756396898
2022-06-15,5645.858997335303
2022-06-16,5554.889277924913
2022-06-17,5568.770688902486
2022-06-20,5609.49214068375
2022-06-21,5599.531058083005
2022-06-22,5537.531325982365
2022-06-23,5413.413351069027
2022-06-24,5482.2155188851475
2022-06-27,5522.817184897912
2022-06-28,5567.125041690092
2022-06-29,5489.4435714129195
2022-06-30,5381.187360815135
2022-07-01,5387.413892635401
2022-07-04,5455.4610459825835
2022-07-05,5331.002877503623
2022-07-06,5293.6020024369545
2022-07-07,5343.215652689728
2022-07-08,5399.057396650612
2022-07-11,5232.448668687821
2022-07-12,5213.132042547611
2022-07-13,5224.46792417481
2022-07-14,5101.581160514881
2022-07-15,5259.691543640754
2022-07-18,5381.81081372828
2022-07-19,5471.141486282382
2022-07-20,5439.736874319001
2022-07-21,5401.19289844044
2022-07-22,5436.58218693
2022-07-25,5415.197001162225
2022-07-26,5429.170756508285
2022-07-27,5440.189142407744
2022-07-28,5576.651400231708
2022-07-29,5588.621181352063
2022-08-01,5602.071412063875
2022-08-02,5533.779515984745
2022-08-03,5463.865503318401
2022-08-04,5518.715851778037
2022-08-05,5512.660500557611
2022-08-08,5598.999602765678
2022-08-09,5571.797635111331
2022-08-10,5682.2730464811775
2022-08-11,5763.877424918622
2022-08-12,5819.601517914879
2022-08-15,5831.5902142651985
2022-08-16,5804.600921156261
2022-08-17,5742.583045219787
2022-08-18,5668.697965056643
2022-08-19,5537.778367656686
2022-08-22,5515.697378922961
2022-08-23,5596.709536196717
2022-08-24,5614.210150861179
2022-08-25,5676.784198118799
2022-08-26,5654.347239451453
2022-08-29,5619.979540377714
2022-08-30,5594.251774970899
2022-08-31,5431.10244846767
2022-09-01,5377.406698908416
2022-09-02,5586.373215529962
2022-09-05,5672.06869858227
2022-09-06,5531.615369906145
2022-09-07,5532.517725425232
2022-09-08,5534.5316543895
2022-09-09,5683.721987674099
2022-09-12,5753.4357307688015
2022-09-13,5627.460699423223
2022-09-14,5610.226072922859
2022-09-15,5532.477992891988
2022-09-16,5539.532393456414
2022-09-19,5546.522910966056
2022-09-20,5464.535771298053
2022-09-21,5427.456525334505
2022-09-22,5361.245248764373
2022-09-23,5166.455328031299
2022-09-26,5015.578609219931
2022-09-27,5058.415147824812
2022-09-28,5118.5922513023
2022-09-29,5107.80483533147
2022-09-30,5131.017170752716
2022-10-03,5238.962392354821
2022-10-04,5386.015601562178
2022-10-05,5305.1580071590815
2022-10-06,5348.402719677682
2022-10-07,5284.043333984583
2022-10-10,5263.128611117794
2022-10-11,5227.318632240454
2022-10-12,5219.032136358083
2022-10-13,5208.59247888888
2022-10-14,5171.814058004568
2022-10-17,5250.198800591028
2022-10-18,5269.094640577469
2022-10-19,5207.500181566092
2022-10-20,5259.079810071748
2022-10-21,5325.239648105885
2022-10-24,5298.687393811256
2022-10-25,5419.3494794795215
2022-10-26,5495.298379800494
2022-10-27,5520.704894055544
2022-10-28,5573.976583835184
2022-10-31,5624.214618138522
2022-11-01,5718.907822178364
2022-11-02,5711.594148270502
2022-11-03,5631.689045858219
2022-11-04,5822.776219485589
2022-11-07,5884.220227356445
2022-11-08,5989.34026304004
2022-11-09,5917.831884468577
2022-11-10,6070.3164834565605
2022-11-11,6125.126241315823
2022-11-14,6128.174077097568
2022-11-15,6112.090436144837
2022-11-16,6058.739446582842
2022-11-17,5981.702671817378
2022-11-18,5973.272686724186
2022-11-21,5980.749088533662
2022-11-22,6008.965682495775
2022-11-23,6091.003188502226
2022-11-24,6114.6286012513465
2022-11-25,6053.229191813401
2022-11-28,6007.018783999543
2022-11-29,6016.010503202902
2022-11-30,6099.27612673424
2022-12-01,6162.996135344684
2022-12-02,6102.550857559996
2022-12-05,5949.435934146851
2022-12-06,5988.938684574444
2022-12-07,5988.764855936124
2022-12-08,6046.8888700045945
2022-12-09,5997.83794095111
2022-12-12,6001.98575610109
2022-12-13,6055.715683924096
2022-12-14,5974.092940582717
2022-12-15,5843.188957353571
2022-12-16,5839.1099338839595
2022-12-19,5872.185622599358
2022-12-20,5957.76648271889
2022-12-21,6009.634019407859
2022-12-22,5988.423259671171
2022-12-23,6056.272367987042
2022-12-26,6021.731139231194
2022-12-27,6052.613115903886
2022-12-28,6034.37580918904
2022-12-29,6074.077356807037
2022-12-30,5964.570700008823
2023-01-02,6002.052139404106
2023-01-03,5985.841403579811
2023-01-04,6067.068606464091
2023-01-05,6146.844033634823
2023-01-06,6315.871397976299
2023-01-09,6370.061256840198
2023-01-10,6405.730376181019
2023-01-11,6512.984776281161
2023-01-12,6581.526023674172
2023-01-13,6581.191729279052
2023-01-16,6635.9763724962195
2023-01-17,6592.057631320564
2023-01-18,6641.692595859253
2023-01-19,6555.623022184378
2023-01-20,6637.693987073613
2023-01-23,6743.49161260684
2023-01-24,6775.173498861031
2023-01-25,6769.499562431349
2023-01-26,6821.674807962477
2023-01-27,6770.740826504508
2023-01-30,6728.814739895575
2023-01-31,6739.088045081764
2023-02-01,6829.890706660438
2023-02-02,6800.112878300253
2023-02-03,6716.731995331856
2023-02-06,6588.430149617996
2023-02-07,6559.066193132395
2023-02-08,6596.475540790629
2023-02-09,6579.341727557269
2023-02-10,6585.629238000383
2023-02-13,6664.323834947542
2023-02-14,6633.465173636973
2023-02-15,6661.156453472434
2023-02-16,6721.023463591334
2023-02-17,6679.992921830057
2023-02-20,6697.917583484011
2023-02-21,6619.77695338892
2023-02-22,6620.081079430616
2023-02-23,6617.779908453045
2023-02-24,6533.204436354295
2023-02-27,6566.073129359022
2023-02-28,6559.503884618841
2023-03-01,6710.359335207468
2023-03-02,6736.29025440357
2023-03-03,6885.640287983794
2023-03-06,6878.712877590909
2023-03-07,6737.012383299111
2023-03-08,6793.7211036963145
2023-03-09,6758.983375434789
2023-03-10,6633.753931427091
2023-03-13,6522.496157267217
2023-03-14,6491.347067678752
2023-03-15,6298.5674764798205
2023-03-16,6301.779392743351
2023-03-17,6219.341616616869
2023-03-20,6291.8735762092665
2023-03-21,6407.403942447531
2023-03-22,6420.184000911015
2023-03-23,6484.226617255019
2023-03-24,6468.7135096267675
2023-03-27,6521.104352131834
2023-03-28,6604.0362804309025
2023-03-29,6753.486279726966
2023-03-30,6804.4157153876895
2023-03-31,6794.770468044973
2023-04-03,6797.0470888837335
2023-04-04,6749.811827289563
2023-04-05,6655.899353286011
2023-04-06,6701.802991246878
2023-04-07,6701.802991246881
2023-04-10,6740.414352562627
2023-04-11,6824.509177452828
2023-04-12,6908.748054395933
2023-04-13,6981.77907550201
2023-04-14,6970.429683885474
2023-04-17,6968.538898271269
2023-04-18,6962.5606487518835
2023-04-19,6917.142558871968
2023-04-20,6948.265947342236
2023-04-21,6870.475391691139
2023-04-24,6876.58948445901
2023-04-25,6827.965986315813
2023-04-26,6811.246301208844
2023-04-27,6886.944649268288
2023-04-28,6958.723372199523
2023-05-01,6971.380853673652
2023-05-02,6915.691729691387
2023-05-03,6930.533772852636
2023-05-04,6912.499339561057
2023-05-05,7053.31121516937
2023-05-08,7120.73468512895
2023-05-09,7139.369990496279
2023-05-10,7171.622157205161
2023-05-11,7075.746622178723
2023-05-12,7101.467530076017
2023-05-15,7127.303442960651
2023-05-16,7113.27726334651
2023-05-17,7063.711726982537
2023-05-18,7080.215326862896
2023-05-19,7010.806597785153
2023-05-22,6898.382417716366
2023-05-23,6833.976354402818
2023-05-24,6832.994248423928
2023-05-25,6843.744381655173
2023-05-26,6929.735714395305
2023-05-29,6988.001468404215
2023-05-30,6900.550916156086
2023-05-31,6772.681437697377
2023-06-01,6866.28372098427
2023-06-02,7031.4239246017805
2023-06-05,7055.559135060628
2023-06-06,7195.6530125877225
2023-06-07,7203.900031862277
2023-06-08,7233.97303762121
2023-06-09,7271.643755362762
2023-06-12,7200.4799625069545
2023-06-13,7283.962815823696
2023-06-14,7374.254226491513
2023-06-15,7377.607732212612
2023-06-16,7395.725453978921
2023-06-19,7390.10308225417
2023-06-20,7337.474542354879
2023-06-21,7290.914110274833
2023-06-22,7222.695656980402
2023-06-23,7129.077212358831
2023-06-26,7147.137471175789
2023-06-27,7206.063134154634
2023-06-28,7156.413611421546
2023-06-29,7181.58152480338
2023-06-30,7202.086372182343
2023-07-03,7327.514635496626
2023-07-04,7328.137930230473
2023-07-05,7288.985443414187
2023-07-06,7131.549427534933
2023-07-07,7255.792775001088
2023-07-10,7246.645756436008
2023-07-11,7283.589319985206
2023-07-12,7436.158339138204
2023-07-13,7486.5069467059175
2023-07-14,7468.070020896784
2023-07-17,7466.540059951465
2023-07-18,7612.341780350621
2023-07-19,7579.113446353042
2023-07-20,7567.484962606873
2023-07-21,7506.9471625137285
2023-07-24,7541.156097136133
2023-07-25,7573.031495300473
2023-07-26,7615.51856513902
2023-07-27,7610.718676322514
2023-07-28,7664.3061621630695
2023-07-31,7649.101327711422
2023-08-01,7563.764198403791
2023-08-02,7333.38481277411
2023-08-03,7251.857086330776
2023-08-04,7412.031654289294
2023-08-07,7409.226420771817
2023-08-08,7276.01623449193
2023-08-09,7400.982317370111
2023-08-10,7406.902201820616
2023-08-11,7345.324711931736
2023-08-14,7259.21238014859
2023-08-15,7253.187614049117
2023-08-16,7324.949510043926
2023-08-17,7177.979809408542
2023-08-18,7188.308483480987
2023-08-21,7158.658038109826
2023-08-22,7214.436581103212
2023-08-23,7335.900202020431
2023-08-24,7269.992730306706
2023-08-25,7290.483260955383
2023-08-28,7354.0023299022605
2023-08-29,7373.560968332005
2023-08-30,7425.988855301129
2023-08-31,7248.0475142307805
2023-09-01,7196.617776208851
2023-09-04,7160.744756091083
2023-09-05,6986.76271758241
2023-09-06,6919.91341872923
2023-09-07,6893.018800382271
2023-09-08,6879.025201592209
2023-09-11,6900.463002165953
2023-09-12,6913.265396305041
2023-09-13,6967.821046575678
2023-09-14,7026.059491613873
2023-09-15,7008.818583714501
2023-09-18,7010.320485335927
2023-09-19,7047.450538304928
2023-09-20,7082.634777019238
2023-09-21,6956.395535726591
2023-09-22,6946.369888895425
2023-09-25,6780.332519604142
2023-09-26,6750.425754798876
2023-09-27,6714.869202570827
2023-09-28,6727.607161015428
2023-09-29,6756.269135852016
2023-10-02,6646.370533979353
2023-10-03,6464.037055510337
2023-10-04,6406.1464997868425
2023-10-05,6262.872991877916
2023-10-06,6303.758900174574
2023-10-09,6297.574532766244
2023-10-10,6456.095405235026
2023-10-11,6510.830443201261
2023-10-12,6413.796140321027
2023-10-13,6349.363977686316
2023-10-16,6441.192505643012
2023-10-17,6456.3352989053965
2023-10-18,6353.48505274209
2023-10-19,6257.283383324143
2023-10-20,6219.508434136024
2023-10-23,6188.949750735264
2023-10-24,6218.593887722197
2023-10-25,6233.8793465295485
2023-10-26,6267.128408767155
2023-10-27,6333.920816109072
2023-10-30,6275.8241583242725
2023-10-31,6266.901062149836
2023-11-01,6362.092514323885
2023-11-02,6490.559587255145
2023-11-03,6787.074921318071
2023-11-06,6793.575236369683
2023-11-07,6763.712986571171
2023-11-08,6738.049446468978
2023-11-09,6705.586140385931
2023-11-10,6619.743654705974
2023-11-13,6641.640941834719
2023-11-14,6869.974975945497
2023-11-15,6994.797390666518
2023-11-16,6986.432743614652
2023-11-17,7002.328387383334
2023-11-20,7074.421198600667
2023-11-21,7045.844009932092
2023-11-22,7059.084581530103
2023-11-23,7077.532028841354
2023-11-24,7104.857727325874
2023-11-27,7068.011083988119
2023-11-28,7111.196552487335
2023-11-29,7140.321051309885
2023-11-30,7211.804537171912
2023-12-01,7286.792274120733
2023-12-04,7219.2769618121865
2023-12-05,7221.645080832466
2023-12-06,7300.506647589343
2023-12-07,7291.787869566791
2023-12-08,7307.429852615211
2023-12-11,7235.486330676376
2023-12-12,7286.539737633603
2023-12-13,7358.2018606626125
2023-12-14,7681.925657925912
2023-12-15,7782.818945396287
2023-12-18,7809.654354857431
2023-12-19,7907.228400553011
2023-12-20,7801.072557728506
2023-12-21,7876.914070994124
2023-12-22,7881.7969456256815
2023-12-25,7881.796945625665
2023-12-26,7915.2026863011
2023-12-27,7968.452925482619
2023-12-28,7974.8511241757105
2023-12-29,7966.458181334004
2024-01-01,7966.458181334021
2024-01-02,7884.035693108936
2024-01-03,7735.219029916835
2024-01-04,7692.354314922628
2024-01-05,7801.201914828725
2024-01-08,7827.998072768996
2024-01-09,7663.236988339292
2024-01-10,7640.639751006871
2024-01-11,7671.946520499175
2024-01-12,7690.365904366387
2024-01-15,7649.868862567307
2024-01-16,7494.850380553452
2024-01-17,7375.824062096641
2024-01-18,7396.057196661157
2024-01-19,7527.105593486687
2024-01-22,7476.0343771205
2024-01-23,7465.0344820458395
2024-01-24,7559.66419744779
2024-01-25,7564.526167161222
2024-01-26,7672.703478966878
2024-01-29,7665.461583540888
2024-01-30,7616.0671456362525
2024-01-31,7635.272333639553
2024-02-01,7710.262675663777
2024-02-02,7684.407552707141
2024-02-05,7648.907263488084
2024-02-06,7771.001272645144
2024-02-07,7740.212586870527
2024-02-08,7645.7442699692865
2024-02-09,7593.202180739592
2024-02-12,7653.9735350884375
2024-02-13,7522.291481978737
2024-02-14,7636.93647489691
2024-02-15,7693.412694893505
2024-02-16,7729.434415129712
2024-02-19,7774.528688372082
2024-02-20,7779.878615577854
2024-02-21,7683.073505025638
2024-02-22,7675.141386235774
2024-02-23,7619.631894355131
2024-02-26,7596.057629024504
2024-02-27,7668.643831719265
2024-02-28,7539.383008989879
2024-02-29,7644.257436867965
2024-03-01,7675.266080417143
2024-03-04,7598.070657031054
2024-03-05,7587.600450092211
2024-03-06,7622.142175218665
2024-03-07,7618.863554526272
2024-03-08,7664.649440302658
2024-03-11,7699.1868836264075
2024-03-12,7718.261407945979
2024-03-13,7889.292317797132
2024-03-14,7926.056139292326
2024-03-15,7953.936722069655
2024-03-18,7905.638971650461
2024-03-19,7760.577373151654
2024-03-20,7887.746613366424
2024-03-21,7897.702031782311
2024-03-22,7919.819272333918
2024-03-25,7908.367670048156
2024-03-26,7938.36519939494
2024-03-27,8065.442842909254
2024-03-28,8065.329849330068
2024-03-29,8065.329849330051
2024-04-01,8071.063507953554
2024-04-02,8116.211641159331
2024-04-03,8178.950379921668
2024-04-04,8298.785380575035
2024-04-05,8289.620569523628
2024-04-08,8370.829980609986
2024-04-09,8401.607560255807
2024-04-10,8228.78097820686
2024-04-11,8253.46683990685
2024-04-12,8072.592221170066
2024-04-15,7918.572259787238
2024-04-16,7765.186387794916
2024-04-17,7801.528976915023
2024-04-18,7813.707706847761
2024-04-19,7739.958453219579
2024-04-22,7822.419664558553
2024-04-23,7946.516379430335
2024-04-24,7847.624380744041
2024-04-25,7849.856953124538
2024-04-26,7989.59063162692
2024-04-29,8130.215511226238
2024-04-30,7928.309890440999
2024-05-01,7904.122472043109
2024-05-02,7965.632615942537
2024-05-03,8062.553086366801
2024-05-06,8089.698649244102
2024-05-07,8100.644452762863
2024-05-08,8111.492578408254
2024-05-09,8217.579448871944
2024-05-10,8280.57354662873
2024-05-13,8282.068179194484
2024-05-14,8264.979520709574
2024-05-15,8359.153809510015
2024-05-16,8353.55070011023
2024-05-17,8449.825618019997
2024-05-20,8493.786520282665
2024-05-21,8426.651815870047
2024-05-22,8322.728624240613
2024-05-23,8279.285645677246
2024-05-24,8227.954224241197
2024-05-27,8271.361069731056
2024-05-28,8210.377564805618
2024-05-29,8088.665093246437
2024-05-30,8057.943926445304
2024-05-31,8025.202588587843
2024-06-03,7645.041295335832
2024-06-04,7719.831228926558
2024-06-05,7904.46604523113
2024-06-06,7941.3559969503
2024-06-07,7539.683485091064
2024-06-10,7495.187802782737
2024-06-11,7461.593333630719
2024-06-12,7360.3164632708695
2024-06-13,7321.152101598363
2024-06-14,7321.86869613528
2024-06-17,7259.473551735677
2024-06-18,7421.283990114586
2024-06-19,7451.471355035952
2024-06-20,7462.500226367987
2024-06-21,7403.62077826067
2024-06-24,7445.912937731322
2024-06-25,7355.752635723389
2024-06-26,7346.827993997194
2024-06-27,7303.326447921747
2024-06-28,7314.875860971022
2024-07-01,7299.631444947208
2024-07-02,7250.172900227164
2024-07-03,7461.801139818781
2024-07-04,7478.459580067571
2024-07-05,7412.252988082297
2024-07-08,7517.18696863497
2024-07-09,7550.60511721582
2024-07-10,7708.338315514531
2024-07-11,7770.083950913658
2024-07-12,7859.788823843185
2024-07-15,7785.668579192223
2024-07-16,7826.291181523613
2024-07-17,7728.979833550155
2024-07-18,7553.848135924737
2024-07-19,7594.257782196058
2024-07-22,7637.697241384332
2024-07-23,7537.741770731884
2024-07-24,7407.423755944895
2024-07-25,7355.199385785284
2024-07-26,7321.973206583982
2024-07-29,7266.706763055669
2024-07-30,7218.55677666601
2024-07-31,7354.219187105023
2024-08-01,7302.170759450474
2024-08-02,7089.348908569296
2024-08-05,6826.189776510865
2024-08-06,6973.149079499661
2024-08-07,7034.112003964176
2024-08-08,7134.435472822136
2024-08-09,7242.365337060551
2024-08-12,7239.567639373497
2024-08-13,7282.213536918543
2024-08-14,7381.810411317642
2024-08-15,7463.7492202603225
2024-08-16,7441.278539800779
2024-08-19,7432.953979349656
2024-08-20,7409.5066664215565
2024-08-21,7326.156759983767
2024-08-22,7235.431571312645
2024-08-23,7329.133996858177
2024-08-26,7247.070150982423
2024-08-27,7093.728735580949
2024-08-28,7133.8270784856095
2024-08-29,7104.336379293562
2024-08-30,7150.036591016823
2024-09-02,7149.8877884893045
2024-09-03,7009.331085875441
2024-09-04,7038.1971842258545
2024-09-05,6961.082742597641
2024-09-06,6841.695574442136
2024-09-09,6861.05951134673
2024-09-10,6813.397507283124
2024-09-11,6875.956808178591
2024-09-12,7069.200984901316
2024-09-13,7171.133220052811
2024-09-16,7178.921793577508
2024-09-17,7188.967390396904
2024-09-18,7252.325426265542
2024-09-19,7267.6656384609505
2024-09-20,7221.470767984895
2024-09-23,7268.401623048413
2024-09-24,7474.514917742136
2024-09-25,7364.617629971355
2024-09-26,7467.769163384034
2024-09-27,7398.897323607531
2024-09-30,7323.343681997353
2024-10-01,7276.808262502035
2024-10-02,7294.962679722943
2024-10-03,7193.075069613173
2024-10-04,7429.782259218026
2024-10-07,7313.501377933776
2024-10-08,7235.954985335434
2024-10-09,7261.137408522612
2024-10-10,7318.475045185767
2024-10-11,7354.480307169647
2024-10-14,7353.486584167971
2024-10-15,7252.639035167556
2024-10-16,7207.729267568895
2024-10-17,7212.690538911483
2024-10-18,7335.271201422546
2024-10-21,7231.816837681931
2024-10-22,7239.040625381673
2024-10-23,7184.031611184394
2024-10-24,7211.841285883729
2024-10-25,7203.758149313484
2024-10-28,7182.11791474474
2024-10-29,7140.695030875905
2024-10-30,7014.261487718325
2024-10-31,7015.987626449808
2024-11-01,6993.106669576719
2024-11-04,7054.420164291958
2024-11-05,6952.031852814358
2024-11-06,7014.8905505447065
2024-11-07,7199.285833463069
2024-11-08,7023.9662365740605
2024-11-11,6880.52762265189
2024-11-12,6820.283768796293
2024-11-13,6800.971505203793
2024-11-14,6791.249162549861
2024-11-15,6834.641150889593
2024-11-18,6888.449932708433
2024-11-19,6899.815491399451
2024-11-20,6899.013504170816
2024-11-21,6871.823977506422
2024-11-22,6821.8139040942415
2024-11-25,6875.447232920616
2024-11-26,6739.482886831636
2024-11-27,6773.378996658701
2024-11-28,6831.297579477267
2024-11-29,6846.496308589153
2024-12-02,6863.200253314274
2024-12-03,6925.884658249475
2024-12-04,6942.496403506011
2024-12-05,7051.048872586189
2024-12-06,6988.809962130653
2024-12-09,7132.240115222288
2024-12-10,7021.751333941138
2024-12-11,7056.781978353823
2024-12-12,7069.9394648415855
2024-12-13,7059.236816727858
2024-12-16,6999.39337282848
2024-12-17,6921.507906316888
2024-12-18,6871.407079364145
2024-12-19,6724.581093781069
2024-12-20,6831.651729778761
2024-12-23,6786.517263003355
2024-12-24,6798.778790718773
2024-12-25,6798.778790718802
2024-12-26,6805.0591666325545
2024-12-27,6770.645395800396
2024-12-30,6671.268122054099
2024-12-31,6660.15650656862
2025-01-01,6660.156506568611
2025-01-02,6691.449059900698
2025-01-03,6600.17428170797
2025-01-06,6733.582094644282
2025-01-07,6814.109850953114
2025-01-08,6769.261521120468
2025-01-09,6764.151312243561
2025-01-10,6686.992354851298
2025-01-13,6677.501495335584
2025-01-14,6788.770261216368
2025-01-15,6857.164625469206
2025-01-16,6783.58445674655
2025-01-17,6819.6242534195635
2025-01-20,6872.377370059538
2025-01-21,6881.139624941116
2025-01-22,6963.977706137516
2025-01-23,7005.997816043227
2025-01-24,7102.260899128966
2025-01-27,7002.1740939371675
2025-01-28,7024.867190930824
2025-01-29,7070.93938306189
2025-01-30,7204.432204354964
2025-01-31,7089.403598212751
2025-02-03,7108.732854665053
2025-02-04,7233.823776090323
2025-02-05,7145.730120771801
2025-02-06,7287.607164024436
2025-02-07,7285.867108087231
2025-02-10,7297.798504884438
2025-02-11,7321.848233324569
2025-02-12,7437.27975895448
2025-02-13,7479.746027241966
2025-02-14,7561.2828999573285
2025-02-17,7512.167820261697
2025-02-18,7548.368445272999
2025-02-19,7489.624205756662
2025-02-20,7586.1334583810185
2025-02-21,7531.017939038051
2025-02-24,7500.104998162877
2025-02-25,7463.468478759424
2025-02-26,7478.589008155558
2025-02-27,7411.1607685532135
2025-02-28,7391.463877857929
2025-03-03,7382.51497756011
2025-03-04,7300.421073246675
2025-03-05,7472.306659144892
2025-03-06,7518.472782005402
2025-03-07,7529.453470961496
2025-03-10,7389.850528515082
2025-03-11,7378.432151999446
2025-03-12,7485.952702244017
2025-03-13,7539.940738954615
2025-03-14,7709.330491937398
2025-03-17,7777.358765353944
2025-03-18,7759.085539516662
2025-03-19,7737.160354692706
2025-03-20,7701.329948815282
2025-03-21,7657.2799132478995
2025-03-24,7678.175165216602
2025-03-25,7770.588025407831
2025-03-26,7719.038792523253
2025-03-27,7715.980262147827
2025-03-28,7642.357779708224
2025-03-31,7580.213842838655
2025-04-01,7700.150452817259
2025-04-02,7739.0340939181715
2025-04-03,7899.561227420936
2025-04-04,7333.2479668584865
2025-04-07,7093.117188762018
2025-04-08,7031.198905951142
2025-04-09,7269.517124837351
2025-04-10,7308.429991594556
2025-04-11,7367.938495533
2025-04-14,7622.260712164791
2025-04-15,7686.804071137487
2025-04-16,7737.356459825135
2025-04-17,7778.118213376855
2025-04-18,7778.118213376799
2025-04-21,7901.926139447882
2025-04-22,8009.068459505818
2025-04-23,8202.885469917082
2025-04-24,8313.016030399049
2025-04-25,8334.667469098256
2025-04-28,8324.706033405279
2025-04-29,8149.638410636119
2025-04-30,8221.07849595837
2025-05-01,8228.423345437772
2025-05-02,8225.81966468592
2025-05-05,8230.767782114097
2025-05-06,8378.488079308596
2025-05-07,8488.041225954226
2025-05-08,8410.887844233011
2025-05-09,8462.915368914984
2025-05-12,8410.0366211729
2025-05-13,8536.284892290258
2025-05-14,8602.56829846681
2025-05-15,8536.205400848201
2025-05-16,8492.905381712793
2025-05-19,8596.22652726956
2025-05-20,8629.750230410391
2025-05-21,8632.34376369795
2025-05-22,8521.174284823648
2025-05-23,8632.539654626522
2025-05-26,8676.954152904664
2025-05-27,8685.843426902476
2025-05-28,8619.231173268921
2025-05-29,8629.672336433709
2025-05-30,8499.462121492877
2025-06-02,8563.380721364812
2025-06-03,8589.647210417766
2025-06-04,8619.565713188089
2025-06-05,8684.529881164046
2025-06-06,8698.40106356044
2025-06-09,8697.279653927948
2025-06-10,8736.42093250027
2025-06-11,8778.616513208955
2025-06-12,8790.0195050349
2025-06-13,8710.535515376321
2025-06-16,8700.22295792022
2025-06-17,8586.839136962617
2025-06-18,8566.063686662043
2025-06-19,8503.098099852463
2025-06-20,8520.33706894176
2025-06-23,8461.402505924469
2025-06-24,8621.596107934054
2025-06-25,8682.45200976886
2025-06-26,8796.863013971435
2025-06-27,8767.378362945297
2025-06-30,8794.475078403937
2025-07-01,8900.294707655263
2025-07-02,8966.77346805958
2025-07-03,8964.061209283365
2025-07-04,8977.126335728524
2025-07-07,8880.504435647706
2025-07-08,8825.982331140303
2025-07-09,8826.163702127094
2025-07-10,8828.924002206119
2025-07-11,8789.571902230584
2025-07-14,8735.089390556152
2025-07-15,8713.017070086564
2025-07-16,8707.675765781656
2025-07-17,8790.63149407835
2025-07-18,8782.514139917193
2025-07-21,8742.361244579282
2025-07-22,8694.716115530118
2025-07-23,8792.53402624346
2025-07-24,8807.325460052993
2025-07-25,8839.536871289913
2025-07-28,8709.46459733822
2025-07-29,8737.902223451836
2025-07-30,8670.601842833583
2025-07-31,8709.762645744295
2025-08-01,8658.59397860077
2025-08-04,8699.2950653844
2025-08-05,8759.027027807531
2025-08-06,8863.556381329385
2025-08-07,8993.481651782959
2025-08-08,9106.567808048325
2025-08-11,9091.541995760632
2025-08-12,9149.676445419718
2025-08-13,9207.444064905247
2025-08-14,9106.61236149451
2025-08-15,9137.64588513535
2025-08-18,9118.153801115383
2025-08-19,9120.29665043479
2025-08-20,9082.349390407566
2025-08-21,9164.180731464021
2025-08-22,9336.38397701563
2025-08-25,9266.635131834726
2025-08-26,9156.879301104254
2025-08-27,9160.485011522504
2025-08-28,9271.856962576885
2025-08-29,9220.205492777006
2025-09-01,9253.040292987023
2025-09-02,9303.901944389581
2025-09-03,9371.452694628246
2025-09-04,9428.64248524297
2025-09-05,9545.94892293764
2025-09-08,9520.591894409255
2025-09-09,9501.073919653414
2025-09-10,9501.902924357568
2025-09-11,9703.9272015871
2025-09-12,9671.403057522373
2025-09-15,9794.378141918913
2025-09-16,9805.613751473338
2025-09-17,9680.311909328535
2025-09-18,9638.433231355832
2025-09-19,9659.404673028295
2025-09-22,9776.859937744544
2025-09-23,9858.31196416199
2025-09-24,9773.275427520588
2025-09-25,9729.489953201379
2025-09-26,9769.608548428248
